0,-6.9
1.04089596359146e-06,-6.9
6.24537578154873e-06,-6.9
3.22677748713351e-05,-6.9
0.000162379770320267,-6.9
0.000812939747564927,-6.9
0.00406573963378822,-6.9
0.00806573963378822,-6.9
0.0120657396337882,-6.9
0.0160657396337882,-6.9
0.0200657396337882,-6.9
0.0227090303848607,-6.9
0.0227090303848609,-6.89999999999994
0.0267090303848609,-5.8512669794186
0.0307090303848609,-4.93584463513588
0.0347090303848609,-4.13627470064904
0.0387090303848609,-3.43738801096776
0.0427090303848609,-2.82600309098058
0.0467090303848609,-2.29066479506603
0.050709030384861,-1.82141758572156
0.054709030384861,-1.40960879099086
0.0583145872250301,-1.08137678844288
0.0583145872250305,-1.08137678844284
0.0623145872250305,-0.766650215827273
0.0663145872250305,-0.503417007130603
0.0703145872250305,-0.283676261406192
0.0743145872250305,-0.100645009592531
0.0783145872250305,0.0514253538485675
0.0823145872250305,0.177404943770865
0.0863145872250305,0.281417811024375
0.0903145872250306,0.366954493562724
0.0943145872250306,0.436967700006657
0.0983145872250306,0.493953665526085
0.102314587225031,0.540021328791622
0.106314587225031,0.576951150872924
0.110314587225031,0.60624512124689
0.114314587225031,0.629169263596796
0.118314587225031,0.646789757592937
0.122314587225031,0.660003626442138
0.126314587225031,0.669564798833125
0.130314587225031,0.676106233991359
0.134314587225031,0.680158696577417
0.138314587225031,0.682166681356926
0.142314587225031,0.682501913628216
0.146314587225031,0.68147478837684
0.150314587225031,0.679344057399618
0.154314587225031,0.676325027824011
0.158314587225031,0.67259649637192
0.162314587225031,0.668306610387066
0.166314587225031,0.663577818218764
0.170314587225031,0.658511047312166
0.174314587225031,0.653189227684789
0.178314587225031,0.647680260847671
0.182314587225031,0.642039519211724
0.186314587225031,0.636311948224045
0.190314587225031,0.630533832580606
0.194314587225031,0.624734278581992
0.198314587225031,0.618936456800764
0.202314587225031,0.613158642509175
0.206314587225031,0.607415085601237
0.210314587225031,0.601716736884924
0.214314587225031,0.596071853492329
0.218314587225031,0.590486502649628
0.222314587225031,0.584964980072565
0.226314587225031,0.579510156727708
0.230314587225031,0.574123765558351
0.234314587225031,0.568806637958599
0.238314587225031,0.563558898241549
0.242314587225031,0.558380123045678
0.246314587225031,0.553269471521785
0.250314587225031,0.548225791211681
0.254314587225031,0.543247703742322
0.258314587225031,0.538333673794653
0.262314587225031,0.533482064245265
0.266314587225031,0.528691179906139
0.270314587225031,0.523959301889112
0.274314587225031,0.519284714286148
0.278314587225031,0.514665724574484
0.282314587225031,0.510100678918337
0.286314587225031,0.505587973340034
0.290314587225031,0.501126061566301
0.294314587225031,0.496713460215766
0.298314587225031,0.492348751876713
0.302314587225031,0.488030586526416
0.306314587225031,0.483757681661912
0.310314587225031,0.479528821444077
0.314314587225031,0.475342855100621
0.318314587225031,0.471198694786543
0.322314587225031,0.467095313061995
0.326314587225031,0.463031740115305
0.330314587225031,0.459007060832646
0.334314587225031,0.45502041179396
0.338314587225031,0.451070978257125
0.342314587225031,0.447157991177766
0.346314587225031,0.443280724300298
0.350314587225031,0.439438491346332
0.354314587225031,0.435630643318813
0.358314587225031,0.431856565934181
0.362314587225031,0.42811567719
0.366314587225031,0.424407425071583
0.370314587225031,0.420731285398333
0.374314587225031,0.417086759808082
0.378314587225031,0.413473373876135
0.382314587225031,0.409890675364439
0.386314587225031,0.406338232595362
0.390314587225031,0.402815632944094
0.394314587225031,0.399322481443249
0.398314587225031,0.395858399493069
0.402314587225031,0.392423023670704
0.406314587225031,0.389016004631987
0.410314587225031,0.385637006099386
0.414314587225031,0.382285703930013
0.418314587225031,0.378961785257782
0.422314587225031,0.375664947704206
0.426314587225031,0.372394898652487
0.430314587225031,0.369151354579997
0.434314587225031,0.365934040444514
0.438314587225031,0.36274268911984
0.442314587225031,0.359577040876826
0.446314587225031,0.356436842906044
0.450314587225031,0.35332184887867
0.454314587225031,0.350231818542374
0.458314587225031,0.347166517349299
0.462314587225031,0.344125716113413
0.466314587225031,0.341109190694781
0.470314587225031,0.338116721708431
0.474314587225031,0.335148094255792
0.478314587225031,0.33220309767675
0.482314587225031,0.32928152532058
0.486314587225031,0.3263831743342
0.490314587225031,0.323507845466234
0.494314587225031,0.320655342885591
0.498314587225031,0.317825474013337
0.502314587225031,0.315018049366747
0.506314587225031,0.312232882414542
0.510314587225031,0.309469789442365
0.514314587225031,0.306728589427693
0.518314587225031,0.304009103923377
0.522314587225031,0.301311156949155
0.526314587225031,0.298634574890466
0.530314587225031,0.295979186404007
0.534314587225031,0.293344822329499
0.538314587225031,0.290731315607167
0.542314587225031,0.288138501200514
0.546314587225031,0.285566216023957
0.550314587225031,0.283014298874997
0.554314587225031,0.280482590370539
0.558314587225031,0.277970932887099
0.562314587225031,0.27547917050458
0.566314587225031,0.273007148953379
0.570314587225031,0.270554715564585
0.574314587225031,0.268121719223048
0.578314587225031,0.265708010323115
0.582314587225031,0.263313440726862
0.586314587225031,0.260937863724642
0.590314587225031,0.258581133997796
0.594314587225031,0.256243107583383
0.598314587225031,0.253923641840815
0.602314587225031,0.251622595420233
0.606314587225031,0.249339828232561
0.610314587225031,0.247075201421097
0.614314587225031,0.24482857733456
0.618314587225031,0.242599819501504
0.622314587225031,0.240388792606006
0.626314587225031,0.238195362464562
0.630314587225031,0.236019396004113
0.634314587225031,0.233860761241132
0.638314587225031,0.231719327261717
0.642314587225031,0.229594964202619
0.646314587225031,0.227487543233169
0.650314587225031,0.225396936538039
0.654314587225031,0.223323017300783
0.658314587225031,0.221265659688139
0.662314587225031,0.219224738835022
0.666314587225031,0.217200130830187
0.670314587225031,0.215191712702519
0.674314587225031,0.213199362407909
0.678314587225031,0.2112229588167
0.682314587225031,0.209262381701651
0.686314587225031,0.207317511726406
0.690314587225031,0.205388230434441
0.694314587225031,0.203474420238442
0.698314587225031,0.201575964410124
0.702314587225031,0.199692747070438
0.706314587225031,0.197824653180156
0.710314587225031,0.195971568530816
0.714314587225031,0.194133379736007
0.718314587225031,0.192309974222966
0.722314587225031,0.190501240224485
0.726314587225031,0.188707066771103
0.730314587225031,0.186927343683552
0.734314587225031,0.185161961565488
0.738314587225031,0.183410811796432
0.742314587225031,0.181673786524961
0.746314587225031,0.179950778662104
0.750314587225031,0.178241681874943
0.754314587225031,0.176546390580411
0.758314587225031,0.174864799939258
0.762314587225031,0.17319680585021
0.766314587225031,0.171542304944264
0.770314587225031,0.169901194579161
0.774314587225031,0.16827337283398
0.778314587225031,0.166658738503886
0.782314587225031,0.165057191094993
0.786314587225031,0.163468630819356
0.790314587225031,0.161892958590069
0.794314587225031,0.160330076016477
0.798314587225031,0.158779885399484
0.802314587225031,0.157242289726962
0.806314587225031,0.155717192669232
0.810314587225031,0.154204498574659
0.814314587225031,0.152704112465293
0.818314587225031,0.151215940032606
0.822314587225031,0.14973988763329
0.826314587225031,0.148275862285123
0.830314587225031,0.146823771662893
0.834314587225031,0.145383524094379
0.838314587225031,0.1439550285564
0.842314587225031,0.142538194670888
0.846314587225031,0.141132932701033
0.850314587225031,0.139739153547463
0.854314587225031,0.138356768744458
0.858314587225031,0.136985690456217
0.862314587225031,0.135625831473154
0.866314587225031,0.134277105208226
0.870314587225031,0.132939425693299
0.874314587225031,0.131612707575538
0.878314587225031,0.130296866113827
0.882314587225031,0.128991817175223
0.886314587225031,0.127697477231416
0.890314587225031,0.126413763355231
0.894314587225031,0.125140593217142
0.898314587225031,0.123877885081806
0.902314587225031,0.122625557804618
0.906314587225031,0.121383530828284
0.910314587225031,0.120151724179406
0.914314587225031,0.118930058465094
0.918314587225031,0.117718454869573
0.922314587225031,0.116516835150826
0.926314587225031,0.115325121637234
0.930314587225031,0.114143237224233
0.934314587225031,0.112971105370984
0.938314587225031,0.111808650097056
0.942314587225031,0.110655795979112
0.946314587225031,0.109512468147609
0.950314587225031,0.108378592283514
0.954314587225031,0.107254094615015
0.958314587225031,0.106138901914252
0.962314587225031,0.105032941494056
0.966314587225031,0.103936141204689
0.970314587225031,0.102848429430595
0.974314587225031,0.101769735087164
0.978314587225031,0.100699987617497
0.982314587225031,0.0996391169891796
0.986314587225031,0.0985870536910646
0.990314587225031,0.0975437287300627
0.994314587225031,0.0965090736279355
0.998314587225031,0.0954830204181015
1.00231458722503,0.0944655016424453
1.00631458722503,0.0934564503481335
1.01031458722503,0.0924558000844437
1.01431458722503,0.0914634848995906
1.01831458722503,0.090479439337566
1.02231458722503,0.089503598434989
1.02631458722503,0.0885358977179554
1.03031458722503,0.087576273198898
1.03431458722503,0.086624661373458
1.03831458722503,0.0856809992173581
1.04231458722503,0.084745224183288
1.04631458722503,0.0838172741977938
1.05031458722503,0.0828970876581812
1.05431458722503,0.08198460342942
1.05831458722503,0.0810797608410616
1.06231458722503,0.0801824996841633
1.06631458722503,0.0792927602082211
1.07031458722503,0.0784104831181147
1.07431458722503,0.0775356095710525
1.07831458722503,0.0766680811735382
1.08231458722503,0.0758078399783363
1.08631458722503,0.0749548284814529
1.09031458722503,0.074108989619124
1.09431458722503,0.0732702667648118
1.09831458722503,0.072438603726217
1.10231458722503,0.0716139447422957
1.10631458722503,0.0707962344802868
1.11031458722503,0.0699854180327548
1.11431458722503,0.0691814409146373
1.11831458722503,0.0683842490603078
1.12231458722503,0.0675937888206463
1.12631458722503,0.066810006960125
1.13031458722503,0.0660328506539009
1.13431458722503,0.065262267484923
1.13831458722503,0.0644982054410498
1.14231458722503,0.0637406129121817
1.14631458722503,0.0629894386873981
1.15031458722503,0.0622446319521155
1.15431458722503,0.0615061422852504
1.15831458722503,0.0607739196564033
1.16231458722503,0.060047914423044
1.16631458722503,0.0593280773277185
1.17031458722503,0.0586143594952656
1.17431458722503,0.0579067124300481
1.17831458722503,0.0572050880131921
1.18231458722503,0.056509438499846
1.18631458722503,0.0558197165164507
1.19031458722503,0.0551358750580192
1.19431458722503,0.0544578674854362
1.19831458722503,0.0537856475227656
1.20231458722503,0.0531191692545764
1.20631458722503,0.0524583871232804
1.21031458722503,0.0518032559264824
1.21431458722503,0.0511537308143468
1.21831458722503,0.0505097672869775
1.22231458722503,0.0498713211918107
1.22631458722503,0.0492383487210255
1.23031458722503,0.0486108064089637
1.23431458722503,0.047988651129569
1.23831458722503,0.0473718400938375
1.24231458722503,0.0467603308472841
1.24631458722503,0.0461540812674219
1.25031458722503,0.0455530495612586
1.25431458722503,0.0449571942628066
1.25831458722503,0.044366474230607
1.26231458722503,0.0437808486452679
1.26631458722503,0.0432002770070201
1.27031458722503,0.0426247191332871
1.27431458722503,0.0420541351562647
1.27831458722503,0.0414884855205272
1.28231458722503,0.0409277309806304
1.28631458722503,0.0403718325987511
1.29031458722503,0.0398207517423224
1.29431458722503,0.039274450081699
1.29831458722503,0.0387328895878236
1.30231458722503,0.0381960325299205
1.30631458722503,0.0376638414731972
1.31031458722503,0.0371362792765624
1.31431458722503,0.0366133090903601
1.31831458722503,0.0360948943541189
1.32231458722503,0.0355809987943115
1.32631458722503,0.0350715864221365
1.33031458722503,0.0345666215313108
1.33431458722503,0.0340660686958754
1.33831458722503,0.0335698927680208
1.34231458722503,0.033078058875926
1.34631458722503,0.0325905324216061
1.35031458722503,0.0321072790787837
1.35431458722503,0.0316282647907711
1.35831458722503,0.0311534557683648
1.36231458722503,0.0306828184877599
1.36631458722503,0.030216319688474
1.37031458722503,0.0297539263712916
1.37431458722503,0.0292956057962148
1.37831458722503,0.0288413254804385
1.38231458722503,0.0283910531963326
1.38631458722503,0.0279447569694399
1.39031458722503,0.0275024050764949
1.39431458722503,0.0270639660434456
1.39831458722503,0.0266294086434988
1.40231458722503,0.0261987018951779
1.40631458722503,0.0257718150603906
1.41031458722503,0.0253487176425169
1.41431458722503,0.0249293793845071
1.41831458722503,0.0245137702669934
1.42231458722503,0.0241018605064206
1.42631458722503,0.0236936205531855
1.43031458722503,0.0232890210897889
1.43431458722503,0.0228880330290103
1.43831458722503,0.022490627512087
1.44231458722503,0.0220967759069081
1.44631458722503,0.021706449806231
1.45031458722503,0.0213196210258977
1.45431458722503,0.0209362616030761
1.45831458722503,0.0205563437945095
1.46231458722503,0.0201798400747801
1.46631458722503,0.0198067231345839
1.47031458722503,0.0194369658790252
1.47431458722503,0.0190705414259166
1.47831458722503,0.0187074231040949
1.48231458722503,0.0183475844517541
1.48631458722503,0.0179909992147834
1.49031458722503,0.0176376413451253
1.49431458722503,0.0172874849991421
1.49831458722503,0.0169405045359958
1.50231458722503,0.016596674516044
1.50631458722503,0.0162559696992424
1.51031458722503,0.015918365043566
1.51431458722503,0.015583835703436
1.51831458722503,0.0152523570281667
1.52231458722503,0.0149239045604172
1.52631458722503,0.0145984540346612
1.53031458722503,0.0142759813756648
1.53431458722503,0.0139564626969777
1.53831458722503,0.0136398742994375
1.54231458722503,0.0133261926696847
1.54631458722503,0.0130153944786902
1.55031458722503,0.01270745658029
1.55431458722503,0.0124023560097403
1.55831458722503,0.0121000699822764
1.56231458722503,0.0118005758916864
1.56631458722503,0.0115038513088965
1.57031458722503,0.0112098739805639
1.57431458722503,0.0109186218276889
1.57831458722503,0.0106300729442279
1.58231458722503,0.010344205595725
1.58631458722503,0.0100609982179511
1.59031458722503,0.00978042941555731
1.59431458722503,0.00950247796073542
1.59831458722503,0.00922712279188744
1.60231458722503,0.00895434301231438
1.60631458722503,0.00868411788890601
1.61031458722503,0.00841642685084585
1.61431458722503,0.00815124948832814
1.61831458722503,0.00788856555128032
1.62231458722503,0.00762835494810041
1.62631458722503,0.00737059774439932
1.63031458722503,0.00711527416176244
1.63431458722503,0.00686236457650901
1.63831458722503,0.00661184951847122
1.64231458722503,0.00636370966978019
1.64631458722503,0.00611792586365906
1.65031458722503,0.00587447908322928
1.65431458722503,0.00563335046032736
1.65831458722503,0.00539452127432622
1.66231458722503,0.00515797295096885
1.66631458722503,0.00492368706121568
1.67031458722503,0.00469164532009222
1.67431458722503,0.00446182958555628
1.67831458722503,0.00423422185736367
1.68231458722503,0.00400880427595338
1.68631458722503,0.00378555912133379
1.69031458722503,0.00356446881198247
1.69431458722503,0.00334551590375275
1.69831458722503,0.00312868308879087
1.70231458722503,0.00291395319446006
1.70631458722503,0.00270130918227639
1.71031458722503,0.00249073414684708
1.71431458722503,0.00228221131482722
1.71831458722503,0.0020757240438715
1.72231458722503,0.00187125582160915
1.72631458722503,0.00166879026461701
1.73031458722503,0.00146831111740426
1.73431458722503,0.00126980225140649
1.73831458722503,0.0010732476639844
1.74231458722503,0.000878631477433974
1.74631458722503,0.000685937938004878
1.75031458722503,0.000495151414923388
1.75431458722503,0.000306256399427341
1.75831458722503,0.000119237503804273
1.76231458722503,-6.59205395574455e-05
1.76631458722503,-0.000249232879112298
1.77031458722503,-0.000430714545095403
1.77431458722503,-0.000610380450451337
1.77831458722503,-0.000788245391752456
1.78231458722503,-0.000964324050114744
1.78631458722503,-0.00113863099210192
1.79031458722503,-0.00131118067062806
1.79431458722503,-0.00148198742584314
1.79831458722503,-0.00165106548602351
1.80231458722503,-0.00181842896844314
1.80631458722503,-0.0019840918802506
1.81031458722503,-0.00214806811932475
1.81431458722503,-0.00231037147513498
1.81831458722503,-0.00247101562958962
1.82231458722503,-0.00263001415787962
1.82631458722503,-0.00278738052930897
1.83031458722503,-0.00294312810813105
1.83431458722503,-0.00309727015436339
1.83831458722503,-0.00324981982460681
1.84231458722503,-0.00340079017285476
1.84631458722503,-0.00355019415129325
1.85031458722503,-0.00369804461109739
1.85431458722503,-0.00384435430322208
1.85831458722503,-0.00398913587918418
1.86231458722503,-0.00413240189183874
1.86631458722503,-0.00427416479615045
1.87031458722503,-0.00441443694995719
1.87431458722503,-0.0045532306147274
1.87831458722503,-0.00469055795631445
1.88231458722503,-0.00482643104570168
1.88631458722503,-0.00496086185974016
1.89031458722503,-0.0050938622818865
1.89431458722503,-0.00522544410292762
1.89831458722503,-0.00535561902170471
1.90231458722503,-0.00548439864583072
1.90631458722503,-0.00561179449239858
1.91031458722503,-0.0057378179886889
1.91431458722503,-0.00586248047286625
1.91831458722503,-0.00598579319467683
1.92231458722503,-0.00610776731613384
1.92631458722503,-0.00622841391220111
1.93031458722503,-0.00634774397147021
1.93431458722503,-0.00646576839683269
1.93831458722503,-0.00658249800614628
1.94231458722503,-0.00669794353289592
1.94631458722503,-0.00681211562685158
1.95031458722503,-0.00692502485471477
1.95431458722503,-0.00703668170076704
1.95831458722503,-0.00714709656751079
1.96231458722503,-0.00725627977630229
1.96631458722503,-0.00736424156798332
1.97031458722503,-0.00747099210350494
1.97431458722503,-0.00757654146455014
1.97831458722503,-0.0076808996541456
1.98231458722503,-0.00778407659727421
1.98631458722503,-0.00788608214148186
1.99031458722503,-0.00798692605747272
1.99431458722503,-0.0080866180397123
1.99831458722503,-0.00818516770701284
2,-0.00822635217182096
