Time_us,Roll,Pitch,GyroX,GyroY,GyroZ,T1,T2,T3,PhiX,PhiY,PhiDX,PhiDY,motor_vel_1,motor_vel_2,motor_vel_3,motor_pos_1,motor_pos_2,motor_pos_3
105855051,0.0466,0.0092,-0.0037,-0.0101,0.0695,-0.0500,-0.0500,-0.1236,-0.0000,-0.0001,-0.0037,-0.0101,0.0000,0.0000,0.0000,36.2878,-15.7500,-41.3753
105858364,0.0468,0.0090,-0.0003,-0.0110,0.0723,-0.0500,-0.0500,-0.1238,-0.0000,-0.0001,-0.0003,-0.0110,0.0000,0.0000,0.0000,36.2878,-15.7500,-41.3753
105863364,0.0470,0.0089,0.0015,-0.0116,0.0790,-0.0500,-0.0500,-0.1241,-0.0000,-0.0002,0.0015,-0.0116,0.0000,0.0000,0.0000,36.2878,-15.7500,-41.3753
105868365,0.0473,0.0088,0.0015,-0.0098,0.0875,0.0200,-0.0500,-0.1246,-0.0000,-0.0002,0.0015,-0.0098,0.0000,0.0000,0.0000,36.2878,-15.7500,-41.3753
105873365,0.0475,0.0087,0.0018,-0.0058,0.0747,0.0200,0.0200,-0.1254,-0.0000,-0.0002,0.0018,-0.0058,0.0000,0.0000,0.0000,36.2878,-15.7500,-41.3753
105878365,0.0477,0.0085,0.0046,-0.0009,0.0368,0.0500,0.0200,-0.1265,0.0001,-0.0003,0.0181,-0.0063,-0.9874,-0.6602,-0.3906,36.2668,-15.7637,-41.3833
105883364,0.0480,0.0084,0.0153,-0.0269,-0.0609,0.0500,-0.0725,-0.1201,0.0000,-0.0004,-0.0163,-0.0195,-1.7398,-2.0355,-1.6112,36.2422,-15.8011,-41.4154
105888365,0.0483,0.0081,0.0202,-0.0589,-0.1348,0.0500,-0.0815,-0.1106,-0.0001,-0.0007,-0.0239,-0.0726,-1.7398,-2.0355,-3.0510,36.2352,-15.8093,-41.4536
105893365,0.0485,0.0077,0.0226,-0.1017,-0.1867,0.0500,-0.0919,-0.0990,-0.0003,-0.0013,-0.0411,-0.1181,-1.7398,-3.0578,-4.3053,36.2248,-15.8462,-41.4990
105898365,0.0487,0.0070,-0.0119,-0.1289,-0.1690,-0.0200,-0.0970,-0.0856,-0.0007,-0.0021,-0.0844,-0.1602,-1.7398,-3.0578,-5.3224,36.2178,-15.8584,-41.5383
105903365,0.0487,0.0062,-0.0492,-0.1692,-0.1470,-0.0200,-0.1049,-0.0679,-0.0014,-0.0032,-0.1334,-0.2157,-1.4189,-3.2160,-6.5279,36.2144,-15.8803,-41.5986
105908365,0.0484,0.0052,-0.1017,-0.1863,-0.0972,0.1641,-0.1068,-0.0535,-0.0023,-0.0045,-0.1775,-0.2517,-1.1515,-3.2160,-7.8479,36.2146,-15.8932,-41.6537
105913365,0.0479,0.0043,-0.1451,-0.1762,-0.0585,0.1489,-0.1009,-0.0458,-0.0035,-0.0056,-0.2436,-0.2356,-0.8841,-4.4578,-8.7143,36.2138,-15.9416,-41.7212
105918364,0.0470,0.0034,-0.1741,-0.2004,-0.0866,0.1371,-0.1026,-0.0312,-0.0050,-0.0069,-0.2923,-0.2574,-0.7236,-5.5011,-9.6320,36.2139,-15.9824,-41.7763
105923365,0.0461,0.0024,-0.1839,-0.2153,-0.0896,0.1292,-0.1043,-0.0214,-0.0066,-0.0082,-0.3246,-0.2597,-0.5097,-7.0077,-10.3222,36.2145,-16.0502,-41.8504
105928364,0.0453,0.0012,-0.1567,-0.2660,-0.2109,0.1331,-0.1185,-0.0066,-0.0082,-0.0097,-0.3142,-0.2977,-0.4027,-8.3019,-10.7833,36.2147,-16.1067,-41.9018
105933365,0.0445,-0.0003,-0.2028,-0.2532,-0.3031,0.1181,-0.1104,0.0500,-0.0101,-0.0110,-0.3790,-0.2675,-0.2958,-9.8570,-11.2001,36.2147,-16.1919,-41.9765
105938364,0.0434,-0.0015,-0.2669,-0.1918,-0.2998,0.1039,-0.0823,0.0500,-0.0118,-0.0112,-0.3566,-0.0263,-0.2423,-10.9130,-11.3047,36.2146,-16.2548,-42.0236
105943365,0.0418,-0.0022,-0.3470,-0.0913,-0.2271,0.0742,-0.0477,0.0500,-0.0142,-0.0107,-0.4677,0.0998,0.7053,-12.6262,-11.4567,36.2331,-16.3592,-42.0951
105948365,0.0398,-0.0025,-0.4377,-0.0199,-0.1250,0.0406,-0.0174,0.0500,-0.0171,-0.0098,-0.5781,0.1843,1.4106,-13.5053,-11.0896,36.2521,-16.4290,-42.1332
105953365,0.0375,-0.0025,-0.5122,0.0339,-0.1312,0.0105,0.0500,-0.0200,-0.0205,-0.0085,-0.6800,0.2602,2.2558,-14.9950,-10.7479,36.2782,-16.5444,-42.1918
105958364,0.0349,-0.0023,-0.5559,0.0589,-0.1913,-0.0007,0.0500,-0.0200,-0.0235,-0.0082,-0.6025,0.0584,2.7065,-15.7497,-9.8064,36.2978,-16.6206,-42.2141
105963365,0.0322,-0.0019,-0.5968,0.0840,-0.2063,-0.0500,0.0500,0.0148,-0.0271,-0.0084,-0.7188,-0.0454,2.7065,-16.2792,-8.7612,36.3141,-16.7272,-42.2508
105968365,0.0292,-0.0016,-0.6264,0.0993,-0.1696,-0.0500,0.0500,0.0166,-0.0306,-0.0085,-0.6950,-0.0182,3.5143,-16.3275,-7.9772,36.3426,-16.7935,-42.2678
105973365,0.0261,-0.0013,-0.6460,0.1246,-0.1244,-0.0500,-0.0200,0.0172,-0.0341,-0.0084,-0.7084,0.0177,3.5143,-15.6638,-7.2508,36.3636,-16.8769,-42.2992
105978365,0.0226,-0.0004,-0.6741,0.1775,-0.1510,-0.0500,-0.0200,0.0136,-0.0378,-0.0080,-0.7355,0.0720,3.3751,-15.0085,-7.1404,36.3749,-16.9254,-42.3259
105983365,0.0191,0.0004,-0.6631,0.1720,-0.1333,0.0200,0.0992,0.0075,-0.0420,-0.0066,-0.8354,0.2777,2.2627,-13.4721,-6.5336,36.3700,-16.9801,-42.3536
105988365,0.0159,0.0012,-0.6112,0.1390,-0.0478,0.0200,0.0922,0.0111,-0.0458,-0.0055,-0.7715,0.2327,0.5394,-12.3878,-6.2190,36.3413,-17.0110,-42.3733
105993364,0.0131,0.0018,-0.5348,0.1210,0.0228,-0.0934,0.0851,0.0075,-0.0492,-0.0044,-0.6814,0.2150,0.3240,-11.2875,-5.0654,36.3391,-17.0610,-42.3831
105998365,0.0107,0.0022,-0.4352,0.0977,0.0072,-0.0771,0.0730,0.0038,-0.0521,-0.0035,-0.5750,0.1814,0.2701,-10.6060,-5.0654,36.3391,-17.0920,-42.4033
106003365,0.0088,0.0026,-0.3482,0.0907,-0.0004,-0.0600,0.0634,-0.0500,-0.0543,-0.0027,-0.4513,0.1602,-0.9578,-9.2343,-4.6259,36.3143,-17.1260,-42.4233
106008365,0.0072,0.0030,-0.3018,0.1014,0.0494,-0.0508,0.0657,-0.0500,-0.0561,-0.0015,-0.3419,0.2333,-2.0847,-8.8122,-4.6259,36.2849,-17.1531,-42.4418
106013364,0.0060,0.0035,-0.2694,0.1087,0.1178,-0.0469,0.0641,-0.0500,-0.0575,-0.0005,-0.2956,0.2163,-2.0847,-7.1902,-4.0168,36.2724,-17.1703,-42.4559
106018365,0.0050,0.0042,-0.2428,0.1158,0.1120,-0.0434,0.0651,-0.0500,-0.0588,0.0006,-0.2547,0.2040,-2.2728,-5.9037,-4.0168,36.2602,-17.1708,-42.4720
106023364,0.0039,0.0045,-0.1912,0.0730,-0.0453,-0.0313,0.0525,0.0200,-0.0597,0.0013,-0.1828,0.1387,-2.6960,-4.3935,-4.2781,36.2358,-17.1713,-42.5015
106028365,0.0035,0.0047,-0.0425,0.0467,-0.0737,0.0500,0.0288,0.0200,-0.0599,0.0018,-0.0268,0.0999,-2.6960,-3.5545,-4.2781,36.2251,-17.1704,-42.5186
106033365,0.0036,0.0049,0.0476,0.0254,-0.0349,0.0500,0.0101,-0.0306,-0.0599,0.0017,-0.0183,-0.0090,-3.1238,-2.6596,-4.9763,36.1980,-17.1711,-42.5609
106038365,0.0040,0.0050,0.1087,0.0012,0.0228,0.0500,-0.0500,-0.0338,-0.0597,0.0015,0.0428,-0.0481,-3.1238,-2.1562,-5.4728,36.1856,-17.1706,-42.5925
106043364,0.0048,0.0048,0.1677,-0.0611,0.0561,0.0500,-0.0500,-0.0270,-0.0591,0.0007,0.1172,-0.1480,-3.7883,-1.5969,-5.8399,36.1511,-17.1707,-42.6333
106048366,0.0058,0.0043,0.2251,-0.1216,0.1117,-0.0200,-0.0500,-0.0217,-0.0583,-0.0003,0.1721,-0.2128,-3.7883,-1.3172,-6.1328,36.1359,-17.1709,-42.6627
106053365,0.0071,0.0036,0.2731,-0.1677,0.1810,-0.0200,-0.0500,-0.0182,-0.0572,-0.0017,0.2173,-0.2638,-3.2312,-0.9816,-6.4651,36.1253,-17.1711,-42.7065
106058365,0.0087,0.0024,0.3100,-0.1765,0.1560,0.1101,0.0200,-0.0217,-0.0557,-0.0030,0.2995,-0.2725,-2.6277,-0.8138,-6.4651,36.1256,-17.1712,-42.7323
106063364,0.0103,0.0012,0.2673,-0.2150,0.0487,0.1061,0.0200,-0.0052,-0.0545,-0.0046,0.2452,-0.3101,-1.9313,-0.7020,-6.4128,36.1259,-17.1732,-42.7699
106068364,0.0116,0.0001,0.2141,-0.2330,-0.0438,0.0983,-0.1043,0.0500,-0.0536,-0.0061,0.1818,-0.3154,-1.6064,-0.7020,-6.2675,36.1253,-17.1760,-42.7925
106073364,0.0124,-0.0014,0.1313,-0.2932,-0.1315,0.0845,-0.1075,0.0500,-0.0529,-0.0076,0.1296,-0.2819,-0.2757,-0.7504,-6.0469,36.1447,-17.1812,-42.8256
106078366,0.0130,-0.0029,0.1475,-0.3027,-0.1568,0.0890,-0.1154,0.0500,-0.0523,-0.0089,0.1184,-0.2719,0.6645,-2.0594,-5.9365,36.1651,-17.2133,-42.8472
106083364,0.0136,-0.0046,0.1268,-0.2960,-0.0047,0.0842,-0.1205,0.0500,-0.0518,-0.0102,0.0976,-0.2651,0.6645,-2.0594,-5.5170,36.1691,-17.2257,-42.8741
106088364,0.0145,-0.0062,0.1341,-0.2789,0.2186,0.0862,-0.1266,-0.0200,-0.0513,-0.0114,0.0983,-0.2364,0.6645,-2.8339,-4.5207,36.1717,-17.2505,-42.8742
106093365,0.0150,-0.0073,0.0693,-0.1952,0.3191,0.0692,-0.1050,-0.0200,-0.0513,-0.0121,0.0104,-0.1446,1.7341,-3.3841,-3.3147,36.1984,-17.2788,-42.8734
106098365,0.0153,-0.0082,0.0159,-0.1607,0.3355,0.0537,-0.0953,0.0288,-0.0517,-0.0128,-0.0835,-0.1402,2.3759,-4.0802,-2.7378,36.2202,-17.3081,-42.8740
106103365,0.0152,-0.0091,-0.0241,-0.1454,0.3331,0.0412,-0.0865,0.0325,-0.0525,-0.0133,-0.1482,-0.0868,3.2693,-5.9020,-2.0037,36.2549,-17.3745,-42.8735
106108366,0.0149,-0.0098,-0.0684,-0.0919,0.2286,0.0297,-0.0685,0.0300,-0.0535,-0.0134,-0.1995,-0.0171,3.4947,-6.6292,-1.6366,36.2725,-17.4132,-42.8735
106113364,0.0147,-0.0104,-0.0678,-0.0712,0.1395,0.0289,-0.0623,0.0281,-0.0545,-0.0132,-0.2149,0.0272,4.0581,-7.7835,-1.2171,36.3078,-17.4796,-42.8737
106118365,0.0140,-0.0100,-0.1799,0.1313,0.0506,-0.0015,0.0010,-0.0014,-0.0562,-0.0120,-0.3324,0.2422,4.1658,-8.4099,-1.0074,36.3262,-17.5249,-42.8739
106123364,0.0128,-0.0092,-0.2624,0.1924,0.0371,-0.0500,0.0500,-0.0500,-0.0583,-0.0104,-0.4289,0.3225,4.5967,-9.4405,-0.7452,36.3621,-17.5998,-42.8739
106128365,0.0114,-0.0081,-0.3280,0.2388,0.0478,-0.0500,0.0500,-0.0500,-0.0600,-0.0092,-0.3280,0.2388,4.3181,-9.8098,-0.5879,36.3748,-17.6459,-42.8734
106133364,0.0096,-0.0069,-0.3399,0.2266,0.0081,-0.0500,0.0500,-0.0500,-0.0617,-0.0081,-0.3399,0.2266,3.2039,-10.3952,-0.4306,36.3749,-17.7185,-42.8734
106138365,0.0077,-0.0058,-0.3464,0.2486,-0.0319,-0.0500,0.0500,-0.0500,-0.0634,-0.0068,-0.3464,0.2486,2.6004,-10.2403,-0.3781,36.3744,-17.7568,-42.8740
106143364,0.0060,-0.0047,-0.3445,0.2804,-0.0163,0.0200,-0.0200,0.0200,-0.0651,-0.0054,-0.3445,0.2804,1.9505,-9.3601,-0.2733,36.3750,-17.7995,-42.8738
106148366,0.0043,-0.0033,-0.3302,0.3274,0.0206,0.0200,-0.0200,0.0200,-0.0668,-0.0038,-0.3302,0.3274,1.5791,-9.3601,-0.2208,36.3746,-17.8369,-42.8737
106153364,0.0028,-0.0015,-0.2743,0.3861,0.0741,-0.0640,0.1167,-0.0556,-0.0685,-0.0013,-0.3449,0.4971,0.2160,-7.6076,-0.1684,36.3544,-17.8516,-42.8738
106158366,0.0017,0.0005,-0.1888,0.4087,0.1257,-0.0462,0.1182,-0.0769,-0.0697,0.0013,-0.2415,0.5126,-0.5385,-7.0801,-0.1160,36.3378,-17.8712,-42.8734
106163364,0.0011,0.0022,-0.0999,0.3409,0.1334,-0.0256,0.0978,-0.0773,-0.0704,0.0034,-0.1408,0.4243,-0.5385,-5.7084,-0.1160,36.3346,-17.8810,-42.8741
106168365,0.0010,0.0038,0.0098,0.2877,0.1239,0.0019,0.0780,-0.0847,-0.0706,0.0052,-0.0308,0.3719,-0.5385,-5.7084,-0.0635,36.3325,-17.9038,-42.8734
106173365,0.0015,0.0049,0.0428,0.2465,0.0842,0.0500,0.0664,-0.0844,-0.0704,0.0068,0.0331,0.3190,-1.9471,-4.9253,-0.0635,36.2990,-17.9212,-42.8738
106178365,0.0016,0.0060,0.0589,0.2532,0.0518,0.0500,0.0699,-0.0897,-0.0703,0.0084,0.0231,0.3116,-2.3415,-4.0304,-0.1160,36.2819,-17.9212,-42.8753
106183364,0.0020,0.0073,0.1029,0.2837,0.0283,0.0500,0.0728,-0.1043,-0.0700,0.0099,0.0648,0.3067,-2.3415,-2.9676,-1.4342,36.2678,-17.9208,-42.9045
106188365,0.0028,0.0087,0.1985,0.2841,0.0558,0.0500,0.0626,-0.1222,-0.0692,0.0114,0.1598,0.2892,-2.3415,-2.4083,-2.0660,36.2585,-17.9204,-42.9239
106193364,0.0040,0.0102,0.2599,0.2868,0.1144,-0.0200,0.0560,-0.1369,-0.0681,0.0127,0.2155,0.2640,-2.1064,-1.7931,-3.3303,36.2494,-17.9207,-42.9668
106198364,0.0055,0.0113,0.2767,0.1900,0.1095,-0.0200,0.0324,-0.1228,-0.0670,0.0134,0.2248,0.1444,-1.7302,-1.4575,-4.5247,36.2493,-17.9206,-43.0068
106203364,0.0069,0.0117,0.2700,0.0589,0.0891,0.0912,-0.0006,-0.0940,-0.0658,0.0132,0.2272,-0.0448,-0.4996,0.5276,-6.4446,36.2657,-17.8856,-43.0779
106208366,0.0083,0.0117,0.2505,-0.0263,-0.0304,0.0916,-0.0500,-0.0720,-0.0649,0.0124,0.1866,-0.1504,0.6761,1.1607,-7.1787,36.2904,-17.8688,-43.1190
106213364,0.0096,0.0107,0.2767,-0.2239,-0.0991,0.1026,-0.0500,-0.0292,-0.0640,0.0107,0.1884,-0.3552,0.6761,1.1607,-8.8372,36.2945,-17.8619,-43.1997
106218366,0.0110,0.0095,0.3051,-0.2673,-0.0502,0.1144,-0.0500,-0.0216,-0.0629,0.0086,0.2110,-0.4086,0.6761,1.1607,-9.5197,36.2972,-17.8572,-43.2494
106223365,0.0128,0.0080,0.3231,-0.3146,-0.0087,0.1249,-0.0500,-0.0110,-0.0618,0.0063,0.2193,-0.4727,0.6761,0.2110,-10.6525,36.3013,-17.8723,-43.3322
106228365,0.0146,0.0062,0.3088,-0.3586,-0.0203,0.1281,0.0200,0.0500,-0.0608,0.0036,0.2005,-0.5212,0.7838,0.1583,-10.9672,36.3061,-17.8727,-43.3814
106233365,0.0161,0.0042,0.2642,-0.3989,-0.0615,0.1290,0.0200,0.0500,-0.0597,0.0017,0.2257,-0.3991,2.2379,0.1055,-11.4262,36.3461,-17.8729,-43.4577
106238365,0.0174,0.0019,0.2144,-0.4123,-0.0844,0.1192,-0.1395,0.0500,-0.0590,-0.0003,0.1439,-0.3875,3.2592,-1.6780,-11.2695,36.3773,-17.9117,-43.5002
106243365,0.0184,-0.0003,0.1747,-0.3955,-0.0178,0.1108,-0.1402,0.0500,-0.0585,-0.0021,0.0836,-0.3649,4.2560,-2.0695,-10.9304,36.4194,-17.9318,-43.5603
106248365,0.0192,-0.0023,0.1408,-0.3629,0.0787,0.1032,-0.1382,-0.0200,-0.0584,-0.0038,0.0331,-0.3324,5.2187,-2.0695,-9.9374,36.4567,-17.9401,-43.5827
106253364,0.0199,-0.0041,0.0965,-0.3280,0.1477,0.0918,-0.1315,-0.0200,-0.0586,-0.0052,-0.0402,-0.2861,6.5137,-2.8452,-9.1509,36.5177,-17.9713,-43.6259
106258365,0.0202,-0.0056,0.0122,-0.3033,0.2158,0.0649,-0.1265,0.0533,-0.0596,-0.0071,-0.2021,-0.3719,7.2950,-2.8452,-7.4729,36.5614,-17.9826,-43.6257
106263365,0.0205,-0.0071,0.0076,-0.3231,0.2610,0.0631,-0.1342,0.0611,-0.0607,-0.0089,-0.2210,-0.3609,8.6989,-3.3099,-5.8473,36.6385,-18.0109,-43.6318
106268366,0.0204,-0.0088,-0.0244,-0.2911,0.2366,0.0540,-0.1275,0.0644,-0.0620,-0.0105,-0.2701,-0.3207,9.4150,-3.8601,-5.8473,36.6896,-18.0354,-43.6552
106273365,0.0203,-0.0103,-0.0632,-0.2453,0.2018,0.0428,-0.1137,0.0631,-0.0637,-0.0116,-0.3246,-0.2359,10.3795,-5.1151,-4.4802,36.7694,-18.0865,-43.6594
106278366,0.0199,-0.0112,-0.1170,-0.1487,0.1905,0.0274,-0.0864,0.0517,-0.0656,-0.0122,-0.3843,-0.1160,10.7175,-5.9064,-3.6991,36.8188,-18.1238,-43.6602
106283365,0.0191,-0.0115,-0.1930,-0.0296,0.2299,0.0038,-0.0486,0.0359,-0.0679,-0.0121,-0.4690,0.0349,11.1335,-7.0587,-2.7226,36.8932,-18.1850,-43.6598
106288364,0.0178,-0.0114,-0.2825,0.0602,0.2839,-0.0500,-0.0138,0.0276,-0.0707,-0.0113,-0.5637,0.1483,11.1335,-8.1505,-2.2344,36.9378,-18.2374,-43.6599
106293365,0.0163,-0.0109,-0.3497,0.1341,0.2766,-0.0500,0.0500,0.0107,-0.0729,-0.0100,-0.4303,0.2680,10.8661,-9.1755,-0.2562,36.9983,-18.3102,-43.6291
106298364,0.0146,-0.0103,-0.3836,0.1604,0.2320,-0.0500,0.0500,0.0167,-0.0748,-0.0092,-0.3836,0.1604,10.2548,-9.8692,0.0000,37.0276,-18.3624,-43.6240
106303364,0.0127,-0.0094,-0.4246,0.2040,0.1456,-0.0500,0.0500,0.0143,-0.0769,-0.0082,-0.4245,0.2040,8.9589,-10.4158,0.0000,37.0587,-18.4342,-43.6240
106308364,0.0105,-0.0085,-0.4426,0.2266,0.1300,0.0200,0.0500,0.0125,-0.0791,-0.0070,-0.4388,0.2332,8.6896,-10.4643,0.4413,37.0891,-18.4769,-43.6149
106313365,0.0082,-0.0074,-0.4563,0.2746,0.1138,0.0200,-0.0200,0.0024,-0.0813,-0.0055,-0.4379,0.3066,6.4278,-9.5349,2.1514,37.0889,-18.5185,-43.5712
106318364,0.0059,-0.0058,-0.4294,0.3354,0.1434,-0.0916,-0.0200,-0.0500,-0.0838,-0.0036,-0.5014,0.3672,5.2430,-8.9297,2.1514,37.0886,-18.5442,-43.5626
106323365,0.0040,-0.0041,-0.3546,0.3705,0.1828,-0.0851,0.1122,-0.0500,-0.0862,-0.0013,-0.4791,0.4701,3.8966,-6.6742,2.8779,37.0889,-18.5454,-43.5341
106328365,0.0026,-0.0022,-0.2465,0.3790,0.2403,-0.0633,0.1085,-0.0500,-0.0880,0.0011,-0.3589,0.4786,3.1965,-6.6742,2.8779,37.0890,-18.5721,-43.5226
106333364,0.0017,-0.0003,-0.1454,0.3760,0.3078,-0.0404,0.1005,-0.0500,-0.0892,0.0034,-0.2330,0.4581,2.3349,-5.5059,2.8779,37.0883,-18.5865,-43.5053
106338364,0.0012,0.0015,-0.0626,0.3613,0.2983,-0.0203,0.0926,0.0200,-0.0899,0.0056,-0.1359,0.4282,2.0118,-4.4836,2.6166,37.0889,-18.5861,-43.4993
106343365,0.0013,0.0031,-0.0373,0.3399,0.2238,-0.0120,0.0909,0.0200,-0.0904,0.0076,-0.1004,0.4068,1.4194,-4.4836,0.6156,37.0886,-18.6130,-43.5287
106348366,0.0013,0.0047,0.0000,0.3027,0.1181,0.0002,0.0834,-0.0882,-0.0906,0.0094,-0.0473,0.3555,1.1501,-3.3639,0.1797,37.0884,-18.6070,-43.5365
106353365,0.0019,0.0061,0.1454,0.2853,0.0542,0.0500,0.0635,-0.1068,-0.0900,0.0109,0.1170,0.3120,0.8808,-1.6601,0.1313,37.0890,-18.5868,-43.5365
106358365,0.0030,0.0074,0.2465,0.2673,0.0170,0.0500,0.0477,-0.1211,-0.0888,0.0123,0.2347,0.2728,0.7193,-0.8666,-0.4965,37.0889,-18.5766,-43.5485
106363365,0.0045,0.0087,0.3299,0.2437,0.1080,0.0500,0.0294,-0.1324,-0.0872,0.0133,0.3212,0.2060,0.5038,0.7702,-1.7653,37.0883,-18.5422,-43.5826
106368364,0.0064,0.0099,0.3674,0.2065,0.2729,0.0500,0.0143,-0.1389,-0.0854,0.0142,0.3606,0.1656,0.4500,0.9767,-1.7653,37.0891,-18.5349,-43.5897
106373365,0.0085,0.0108,0.4102,0.1491,0.3963,-0.0200,-0.0500,-0.1397,-0.0833,0.0146,0.4163,0.0858,0.3423,2.4742,-1.7653,37.0892,-18.4929,-43.6003
106378364,0.0107,0.0114,0.4484,0.0999,0.3927,-0.0200,-0.0500,-0.1406,-0.0812,0.0149,0.4248,0.0597,0.3423,2.8135,-2.7092,37.0905,-18.4761,-43.6285
106383365,0.0129,0.0115,0.4783,0.0140,0.2216,0.1661,-0.0500,-0.1266,-0.0790,0.0147,0.4400,-0.0414,0.3423,3.3468,-3.7345,37.0925,-18.4458,-43.6686
106388365,0.0154,0.0112,0.4942,-0.0901,0.1001,0.1805,-0.0500,-0.1067,-0.0768,0.0139,0.4404,-0.1611,0.7137,3.3468,-4.7867,37.1015,-18.4324,-43.7064
106393364,0.0178,0.0104,0.4514,-0.1701,0.1260,0.1772,0.0200,-0.0845,-0.0750,0.0126,0.3720,-0.2551,1.7350,2.8994,-5.7274,37.1308,-18.4219,-43.7561
106398364,0.0200,0.0089,0.4035,-0.3277,-0.0469,0.1754,0.0200,-0.0396,-0.0734,0.0105,0.3150,-0.4281,1.7350,2.3960,-6.7714,37.1378,-18.4214,-43.8023
106403365,0.0219,0.0070,0.4123,-0.3745,-0.1589,0.1858,-0.1567,-0.0230,-0.0718,0.0078,0.3103,-0.5209,2.6210,1.6353,-8.2199,37.1682,-18.4244,-43.8761
106408365,0.0239,0.0049,0.4273,-0.4093,-0.0991,0.1953,-0.1766,-0.0148,-0.0703,0.0051,0.3060,-0.5424,2.6210,0.0839,-8.9035,37.1787,-18.4518,-43.9243
106413365,0.0262,0.0028,0.4255,-0.4004,0.0860,0.1994,-0.1881,-0.0145,-0.0689,0.0024,0.2716,-0.5424,3.7442,-0.3878,-9.9830,37.2204,-18.4635,-44.0028
106418365,0.0284,0.0008,0.3806,-0.3891,0.1865,0.1940,-0.1922,-0.0090,-0.0679,-0.0003,0.2089,-0.5369,4.5905,-0.3878,-10.3705,37.2539,-18.4651,-44.0512
106423365,0.0301,-0.0011,0.3054,-0.3858,0.1532,0.1795,-0.1891,0.0500,-0.0674,-0.0028,0.0942,-0.5160,5.9792,-1.8853,-10.7015,37.3131,-18.5006,-44.1216
106428366,0.0314,-0.0030,0.2104,-0.3461,0.1483,0.1656,-0.1696,0.0500,-0.0671,-0.0044,0.0646,-0.3190,7.5224,-1.8853,-10.8027,37.3710,-18.5081,-44.1666
106433364,0.0323,-0.0049,0.1863,-0.3393,0.2537,0.1583,-0.1718,0.0500,-0.0672,-0.0059,-0.0100,-0.2920,9.7608,-3.2606,-10.5258,37.4670,-18.5519,-44.2253
106438365,0.0333,-0.0066,0.2187,-0.3577,0.3426,0.1663,-0.1862,0.0500,-0.0672,-0.0074,-0.0156,-0.2930,11.3770,-4.4289,-9.7942,37.5415,-18.5910,-44.2521
106443365,0.0342,-0.0081,0.1390,-0.2700,0.1682,0.1477,-0.1583,-0.0200,-0.0680,-0.0083,-0.1505,-0.1814,13.7641,-6.0498,-8.7541,37.6642,-18.6547,-44.2877
106448364,0.0347,-0.0092,0.0583,-0.1866,0.0604,0.1282,-0.1307,-0.0200,-0.0693,-0.0087,-0.2648,-0.0775,15.0301,-7.4258,-7.8823,37.7468,-18.7090,-44.3028
106453364,0.0346,-0.0099,-0.0354,-0.0852,0.1251,0.0960,-0.1008,-0.0000,-0.0716,-0.0089,-0.4588,-0.0479,16.5505,-9.2873,-6.7790,37.8716,-18.7959,-44.3264
106458365,0.0341,-0.0099,-0.1414,0.0165,0.2812,0.0643,-0.0633,-0.0500,-0.0745,-0.0084,-0.5785,0.0943,17.2519,-10.7439,-5.5102,37.9531,-18.8648,-44.3256
106463364,0.0332,-0.0096,-0.2300,0.0892,0.2946,0.0391,-0.0269,-0.0500,-0.0778,-0.0071,-0.6522,0.2746,18.2412,-12.5200,-5.0689,38.0795,-18.9697,-44.3476
106468365,0.0321,-0.0092,-0.2627,0.1017,0.2048,0.0261,-0.0132,-0.0500,-0.0813,-0.0055,-0.7060,0.3056,18.8564,-13.7482,-5.0689,38.1659,-19.0467,-44.3678
106473365,0.0308,-0.0084,-0.2752,0.1323,0.1544,0.0170,0.0500,-0.0500,-0.0850,-0.0037,-0.7382,0.3563,19.3305,-15.0868,-3.9677,38.2899,-19.1600,-44.3736
106478366,0.0293,-0.0078,-0.2944,0.1564,0.2060,0.0151,0.0500,0.0200,-0.0881,-0.0030,-0.6310,0.1529,19.4921,-15.6984,-3.7055,38.3707,-19.2342,-44.3833
106483365,0.0279,-0.0071,-0.3195,0.1698,0.2787,0.0021,0.0500,0.0200,-0.0914,-0.0021,-0.6558,0.1665,19.4850,-16.2677,-4.0961,38.4877,-19.3417,-44.4138
106488365,0.0263,-0.0059,-0.3421,0.2764,0.2326,-0.0500,0.0500,-0.0341,-0.0950,-0.0011,-0.7080,0.2130,19.1749,-16.1094,-4.0961,38.5588,-19.4033,-44.4302
106493364,0.0243,-0.0045,-0.4444,0.3216,0.2079,-0.0500,-0.0200,-0.0439,-0.0974,0.0002,-0.4838,0.2538,18.6809,-15.2890,-4.5945,38.6626,-19.4814,-44.4665
106498365,0.0217,-0.0028,-0.4862,0.3390,0.2555,-0.0500,-0.0200,-0.0437,-0.1000,0.0015,-0.5257,0.2711,17.9170,-14.3595,-4.5945,38.7204,-19.5224,-44.4849
106503364,0.0189,-0.0010,-0.5171,0.3497,0.2977,-0.0500,0.1097,-0.0520,-0.1033,0.0039,-0.6664,0.4719,16.5442,-12.7091,-4.6468,38.7970,-19.5713,-44.5137
106508364,0.0161,0.0009,-0.5281,0.3659,0.2925,0.0200,0.1252,-0.0539,-0.1067,0.0063,-0.6688,0.4696,15.6551,-11.5895,-4.7436,38.8433,-19.5982,-44.5342
106513365,0.0136,0.0026,-0.5415,0.3687,0.2381,0.0200,0.1367,-0.0518,-0.1100,0.0085,-0.6680,0.4456,13.5808,-9.8730,-4.7921,38.8892,-19.6295,-44.5639
106518364,0.0110,0.0045,-0.5363,0.3488,0.1874,-0.1189,0.1517,-0.0400,-0.1144,0.0106,-0.8746,0.4159,12.2737,-9.6092,-5.1231,38.9148,-19.6627,-44.5908
106523365,0.0083,0.0062,-0.5318,0.3228,0.1734,-0.1243,0.1526,-0.0349,-0.1185,0.0123,-0.8153,0.3519,10.0033,-7.4278,-5.4901,38.9353,-19.6711,-44.6293
106528366,0.0057,0.0077,-0.4878,0.2883,0.1508,-0.1221,0.1483,-0.0319,-0.1223,0.0138,-0.7573,0.2958,9.4685,-6.4210,-5.9295,38.9644,-19.6781,-44.6602
106533364,0.0035,0.0089,-0.4337,0.2245,0.0555,-0.1137,0.1341,-0.0225,-0.1256,0.0148,-0.6659,0.2019,7.8640,-4.8549,-6.3726,38.9826,-19.6827,-44.7051
106538365,0.0015,0.0099,-0.3992,0.1793,0.0671,-0.1118,0.1255,-0.0162,-0.1287,0.0155,-0.6135,0.1383,7.4408,-3.6244,-6.3726,38.9985,-19.6712,-44.7266
106543365,-0.0005,0.0106,-0.3497,0.1478,0.1950,-0.1051,0.1131,-0.0155,-0.1312,0.0159,-0.5173,0.0794,5.2779,-2.1491,-6.7346,38.9986,-19.6624,-44.7774
106548365,-0.0021,0.0111,-0.2975,0.1032,0.3285,-0.0980,0.0974,-0.0121,-0.1334,0.0159,-0.4364,0.0060,4.3374,-0.4609,-6.9767,38.9990,-19.6340,-44.8101
106553365,-0.0034,0.0113,-0.2349,0.0162,0.3307,-0.0839,0.0697,0.0015,-0.1351,0.0154,-0.3265,-0.1152,2.5754,1.6674,-7.1422,38.9855,-19.5879,-44.8560
106558365,-0.0042,0.0109,-0.1506,-0.0953,0.2616,-0.0622,0.0341,0.0500,-0.1361,0.0142,-0.2039,-0.2344,1.1314,2.7063,-6.6179,38.9637,-19.5592,-44.8737
106563364,-0.0046,0.0101,-0.0541,-0.1927,0.2128,-0.0319,0.0008,0.0500,-0.1362,0.0129,-0.0173,-0.2543,-0.0554,4.1342,-6.4081,38.9455,-19.5106,-44.9080
106568364,-0.0047,0.0087,0.0183,-0.2715,0.2146,-0.0116,-0.0500,0.0500,-0.1357,0.0112,0.0873,-0.3443,-1.5505,4.8867,-5.7246,38.9120,-19.4775,-44.9182
106573364,-0.0044,0.0071,0.0779,-0.3225,0.2409,0.0500,-0.0500,0.0500,-0.1351,0.0096,0.1276,-0.3226,-2.8968,5.9308,-5.6692,38.8726,-19.4244,-44.9515
106578364,-0.0040,0.0053,0.1252,-0.3619,0.2293,0.0500,-0.0500,-0.0200,-0.1345,0.0078,0.1252,-0.3619,-3.1122,6.0427,-4.6724,38.8566,-19.3980,-44.9522
106583364,-0.0028,0.0033,0.2752,-0.3772,0.2024,0.0500,-0.0500,-0.0200,-0.1331,0.0059,0.2752,-0.3772,-3.7585,5.6206,-3.4540,38.8217,-19.3706,-44.9521
106588365,-0.0012,0.0015,0.3555,-0.3619,0.1972,0.0500,0.0200,0.0326,-0.1314,0.0039,0.3310,-0.4044,-3.7585,5.6206,-2.8448,38.8066,-19.3481,-44.9524
106593364,0.0008,-0.0004,0.4236,-0.3399,0.1682,-0.0200,0.0200,0.0212,-0.1294,0.0020,0.4058,-0.3708,-3.4768,4.5983,-2.0695,38.7899,-19.3370,-44.9515
106598365,0.0032,-0.0021,0.4905,-0.2902,0.1783,-0.0200,-0.1466,0.0041,-0.1268,0.0002,0.5125,-0.3631,-2.8570,3.7221,-1.1645,38.7896,-19.3379,-44.9406
106603365,0.0058,-0.0035,0.5284,-0.2297,0.1804,0.1588,-0.1472,-0.0500,-0.1239,-0.0011,0.5915,-0.2625,-2.1245,2.6389,0.4394,38.7894,-19.3401,-44.9091
106608366,0.0086,-0.0047,0.5272,-0.1900,0.1911,0.1674,-0.1460,-0.0500,-0.1211,-0.0021,0.5661,-0.2041,-1.7865,0.9507,0.4394,38.7900,-19.3666,-44.9073
106613364,0.0113,-0.0054,0.5272,-0.0980,0.2775,0.1764,-0.1342,-0.0500,-0.1183,-0.0027,0.5533,-0.1051,-1.2794,0.4758,0.4394,38.7896,-19.3727,-44.9047
106618365,0.0140,-0.0057,0.5266,-0.0089,0.3203,0.1857,-0.1211,-0.0500,-0.1156,-0.0027,0.5424,-0.0143,-0.7334,0.3703,0.4394,38.7959,-19.3730,-44.9029
106623365,0.0167,-0.0056,0.5534,0.0696,0.3093,0.2000,-0.1107,0.0200,-0.1129,-0.0024,0.5325,0.0655,1.3463,0.2648,0.0000,38.8408,-19.3731,-44.9113
106628365,0.0194,-0.0051,0.5589,0.1255,0.3209,0.2000,-0.1006,0.0200,-0.1103,-0.0017,0.5226,0.1483,1.3463,-1.5250,0.0000,38.8450,-19.4111,-44.9113
106633365,0.0223,-0.0042,0.5974,0.1466,0.1975,0.2000,-0.1008,-0.1389,-0.1076,-0.0008,0.5308,0.1721,2.4605,-2.2634,-0.5538,38.8803,-19.4336,-44.9227
106638366,0.0256,-0.0036,0.6231,0.1573,0.0546,0.2000,-0.1023,-0.1499,-0.1051,0.0001,0.5104,0.1869,3.6788,-3.8463,-1.8829,38.9174,-19.4840,-44.9547
106643364,0.0285,-0.0028,0.5727,0.2004,0.0539,0.2000,-0.0878,-0.1603,-0.1030,0.0013,0.4202,0.2374,5.7341,-4.3627,-1.8829,38.9858,-19.5114,-44.9660
106648365,0.0313,-0.0017,0.5189,0.2550,0.1896,0.2000,-0.0696,-0.1769,-0.1013,0.0029,0.3323,0.3165,6.8991,-5.9921,-1.8829,39.0286,-19.5753,-44.9722
106653365,0.0338,-0.0003,0.4462,0.3005,0.3258,0.2000,-0.0501,-0.1872,-0.1003,0.0047,0.2021,0.3616,9.2581,-6.9659,-2.8759,39.1305,-19.6203,-45.0091
106658364,0.0357,0.0015,0.3399,0.3577,0.3410,0.2000,-0.0209,-0.1953,-0.1000,0.0068,0.0644,0.4203,10.3542,-7.7458,-3.5539,39.1831,-19.6794,-45.0325
106663364,0.0371,0.0033,0.2440,0.3937,0.2458,0.1814,0.0500,-0.1962,-0.1005,0.0090,-0.0910,0.4472,12.9705,-8.2791,-4.6922,39.3160,-19.7221,-45.0825
106668364,0.0381,0.0053,0.1762,0.4346,0.2265,0.1714,0.0500,-0.1976,-0.1011,0.0108,-0.1223,0.3524,14.6693,-8.5889,-5.3739,39.4193,-19.7791,-45.1119
106673365,0.0389,0.0075,0.1408,0.4823,0.3374,0.1610,0.0500,-0.2000,-0.1021,0.0126,-0.1988,0.3638,15.8284,-8.8090,-7.8250,39.5033,-19.8185,-45.2053
106678365,0.0395,0.0100,0.0889,0.5165,0.3120,0.1482,0.0500,-0.2000,-0.1035,0.0145,-0.2865,0.3781,17.2454,-8.7116,-9.1570,39.6308,-19.8690,-45.2591
106683365,0.0398,0.0127,0.0183,0.5140,0.2464,0.1294,-0.0200,-0.2000,-0.1055,0.0162,-0.3956,0.3322,18.0055,-7.3927,-12.1109,39.7163,-19.8748,-45.3896
106688364,0.0398,0.0152,-0.0315,0.4838,0.2158,0.1153,-0.0200,-0.2000,-0.1078,0.0176,-0.4716,0.2830,18.8925,-7.3927,-13.3875,39.8445,-19.9191,-45.4567
106693364,0.0395,0.0177,-0.0489,0.4520,0.2879,0.1025,0.0935,-0.2000,-0.1107,0.0191,-0.5703,0.3093,19.3461,-6.1062,-15.7280,39.9300,-19.9206,-45.6025
106698364,0.0390,0.0199,-0.0709,0.4239,0.2888,0.0947,0.0967,-0.2000,-0.1137,0.0203,-0.5969,0.2432,19.9236,-4.5401,-16.6875,40.0595,-19.9211,-45.6745
106703364,0.0385,0.0220,-0.0663,0.3900,0.2100,0.0937,0.0965,-0.1982,-0.1167,0.0212,-0.6080,0.1802,20.1780,-4.2045,-18.3254,40.1449,-19.9314,-45.8254
106708365,0.0383,0.0238,-0.0867,0.3625,0.1856,0.0875,0.1000,-0.1947,-0.1199,0.0220,-0.6348,0.1480,20.3874,-4.2045,-18.6400,40.2708,-19.9566,-45.8916
106713366,0.0380,0.0256,-0.1005,0.3439,0.1993,0.0821,0.1032,-0.1930,-0.1231,0.0225,-0.6544,0.1070,20.5514,-3.6227,-19.5638,40.3559,-19.9610,-46.0392
106718364,0.0372,0.0275,-0.1396,0.3473,0.3023,0.0682,0.1145,-0.1943,-0.1266,0.0230,-0.6900,0.0931,20.7067,-2.7016,-19.7845,40.4828,-19.9615,-46.1076
106723365,0.0366,0.0290,-0.1261,0.2563,0.1685,0.0707,0.0998,-0.1770,-0.1300,0.0229,-0.6762,-0.0157,20.8101,-1.9856,-20.2542,40.5679,-19.9569,-46.2522
106728365,0.0360,0.0300,-0.0877,0.1738,0.0713,0.0806,0.0801,-0.1635,-0.1331,0.0223,-0.6225,-0.1289,20.9104,0.0000,-20.3026,40.6952,-19.9211,-46.3191
106733365,0.0358,0.0304,-0.0302,0.0709,0.0732,0.0939,0.0526,-0.1493,-0.1359,0.0211,-0.5683,-0.2342,21.0173,0.0000,-20.4647,40.7813,-19.9211,-46.4600
106738365,0.0358,0.0304,0.0144,-0.0425,0.0167,0.1072,0.0199,-0.1277,-0.1385,0.0192,-0.5079,-0.3811,21.2278,2.2158,-20.4647,40.9124,-19.8703,-46.5624
106743365,0.0361,0.0298,0.0736,-0.1329,-0.0331,0.1244,-0.0500,-0.1126,-0.1407,0.0167,-0.4401,-0.4877,21.3283,3.3355,-20.4150,40.9994,-19.8375,-46.6433
106748365,0.0366,0.0287,0.1185,-0.2239,-0.0771,0.1358,-0.0500,-0.0972,-0.1428,0.0141,-0.4267,-0.5291,21.4286,4.0993,-20.4670,41.1295,-19.8014,-46.7672
106753365,0.0374,0.0271,0.1643,-0.3399,-0.1260,0.1509,-0.0500,-0.0729,-0.1447,0.0109,-0.3836,-0.6467,21.5355,4.3744,-20.5706,41.2174,-19.7785,-46.8514
106758365,0.0384,0.0251,0.1958,-0.4242,-0.0957,0.1625,-0.0500,-0.0539,-0.1465,0.0072,-0.3518,-0.7317,21.4860,4.3744,-20.6223,41.3453,-19.7523,-46.9758
106763365,0.0396,0.0229,0.2486,-0.4594,-0.0524,0.1802,0.0200,-0.0483,-0.1480,0.0034,-0.2985,-0.7676,21.4307,3.7031,-20.6708,41.4301,-19.7493,-47.0593
106768365,0.0409,0.0204,0.2489,-0.4575,0.0017,0.1848,0.0200,-0.0431,-0.1495,-0.0005,-0.2969,-0.7680,21.2738,2.7220,-20.8299,41.5551,-19.7497,-47.1872
106773364,0.0420,0.0180,0.2104,-0.4279,0.0836,0.1802,-0.1452,-0.0382,-0.1510,-0.0043,-0.3137,-0.7733,21.1271,2.2573,-20.8853,41.6371,-19.7491,-47.2718
106778365,0.0428,0.0160,0.1219,-0.3928,0.1700,0.1600,-0.1354,-0.0311,-0.1530,-0.0080,-0.4037,-0.7280,20.9223,1.6376,-20.8329,41.7592,-19.7499,-47.3960
106783365,0.0434,0.0141,0.0702,-0.3919,0.1996,0.1488,-0.1364,-0.0200,-0.1553,-0.0116,-0.4566,-0.7232,20.8660,1.3794,-20.8329,41.8416,-19.7490,-47.4794
106788365,0.0434,0.0122,0.0162,-0.4249,0.1538,0.1358,-0.1426,0.0009,-0.1579,-0.0153,-0.5113,-0.7492,20.7712,1.0180,-20.7322,41.9644,-19.7492,-47.6019
106793364,0.0433,0.0099,0.0235,-0.4581,0.1321,0.1378,-0.1579,0.0500,-0.1604,-0.0192,-0.5031,-0.7763,20.7242,0.8114,-20.5260,42.0464,-19.7497,-47.6803
106798364,0.0434,0.0073,0.0226,-0.4853,0.1275,0.1499,-0.1567,0.0500,-0.1621,-0.0216,-0.3452,-0.4699,20.7242,-1.3753,-20.1163,42.1708,-19.7946,-47.7944
106803364,0.0437,0.0047,0.0223,-0.4975,0.1263,0.1511,-0.1690,0.0500,-0.1639,-0.0240,-0.3460,-0.4822,20.7307,-1.3753,-19.9508,42.2539,-19.8001,-47.8712
106808364,0.0439,0.0021,-0.0003,-0.4893,0.1547,0.1447,-0.1715,0.0500,-0.1658,-0.0262,-0.3838,-0.4462,20.6817,-3.2050,-19.1122,42.3772,-19.8505,-47.9715
106813365,0.0440,-0.0000,-0.0153,-0.4145,0.2042,0.1403,-0.1606,-0.0200,-0.1678,-0.0280,-0.4063,-0.3585,20.6817,-4.0523,-18.5373,42.4599,-19.8826,-48.0354
106818365,0.0435,-0.0019,-0.1109,-0.3387,0.2183,0.1123,-0.1346,-0.0200,-0.1704,-0.0292,-0.5220,-0.2478,20.6882,-6.3569,-17.3910,42.5842,-19.9601,-48.1195
106823365,0.0429,-0.0033,-0.1396,-0.2474,0.2134,0.0914,-0.1238,0.0242,-0.1739,-0.0311,-0.6994,-0.3754,20.6418,-7.5515,-16.1994,42.6660,-20.0119,-48.1627
106828365,0.0421,-0.0042,-0.1817,-0.1405,0.2103,0.0773,-0.0927,0.0073,-0.1776,-0.0322,-0.7459,-0.2109,20.5449,-9.8292,-14.6232,42.7879,-20.1095,-48.2236
106833365,0.0411,-0.0047,-0.2334,-0.0461,0.2177,0.0600,-0.0630,-0.0500,-0.1816,-0.0326,-0.7994,-0.0852,20.5449,-10.9879,-13.6825,42.8701,-20.1742,-48.2622
106838364,0.0398,-0.0048,-0.2880,0.0027,0.2076,0.0493,-0.0320,-0.0500,-0.1854,-0.0316,-0.7508,0.1936,20.3967,-12.9300,-12.9426,42.9896,-20.2849,-48.3272
106843365,0.0384,-0.0046,-0.3399,0.0388,0.1611,0.0304,-0.0122,-0.0500,-0.1894,-0.0304,-0.8096,0.2451,20.2933,-13.9429,-12.3909,43.0689,-20.3586,-48.3661
106848364,0.0368,-0.0044,-0.3644,0.0736,0.1245,0.0176,0.0500,-0.0500,-0.1937,-0.0289,-0.8440,0.2990,20.2453,-15.2024,-11.3114,43.1898,-20.4713,-48.4153
106853364,0.0350,-0.0041,-0.3760,0.1035,0.1282,0.0176,0.0500,0.0200,-0.1973,-0.0284,-0.7235,0.0993,20.1513,-15.8389,-11.1453,43.2688,-20.5461,-48.4571
106858364,0.0330,-0.0036,-0.4026,0.1454,0.1957,0.0026,0.0500,0.0200,-0.2010,-0.0277,-0.7420,0.1415,19.6914,-16.1878,-11.0930,43.3795,-20.6492,-48.5229
106863365,0.0309,-0.0025,-0.4530,0.2349,0.2207,-0.0500,0.0500,-0.0227,-0.2054,-0.0274,-0.8834,0.0673,19.4234,-16.0909,-11.1414,43.4523,-20.7120,-48.5683
106868365,0.0286,-0.0014,-0.5095,0.2532,0.2048,-0.0500,-0.0200,-0.0315,-0.2084,-0.0269,-0.6067,0.0866,18.4325,-15.4775,-11.3069,43.5466,-20.7942,-48.6394
106873364,0.0260,-0.0000,-0.5602,0.2779,0.2262,-0.0500,-0.0200,-0.0303,-0.2117,-0.0264,-0.6579,0.1104,18.0016,-14.6037,-11.3557,43.6112,-20.8362,-48.6857
106878365,0.0232,0.0013,-0.6023,0.2917,0.2818,-0.0500,0.1033,-0.0365,-0.2158,-0.0248,-0.8085,0.3194,16.6603,-12.7778,-11.1436,43.6888,-20.8821,-48.7494
106883365,0.0200,0.0027,-0.6081,0.2902,0.2958,0.0200,0.1142,-0.0337,-0.2198,-0.0232,-0.8094,0.3102,15.5907,-12.2470,-11.0913,43.7327,-20.9209,-48.7927
106888365,0.0168,0.0041,-0.6060,0.2874,0.2677,0.0200,0.1232,-0.0306,-0.2238,-0.0218,-0.7964,0.2860,14.0487,-10.9046,-11.1465,43.7911,-20.9616,-48.8605
106893364,0.0137,0.0055,-0.5794,0.2648,0.1972,-0.1231,0.1335,-0.0180,-0.2287,-0.0205,-0.9707,0.2513,12.2457,-9.9835,-10.9367,43.8078,-20.9843,-48.9004
106898364,0.0109,0.0067,-0.5318,0.2416,0.1169,-0.1182,0.1301,-0.0163,-0.2331,-0.0195,-0.8828,0.2002,10.7353,-8.2279,-11.0409,43.8484,-21.0048,-48.9684
106903364,0.0083,0.0079,-0.4862,0.2214,0.0854,-0.1159,0.1291,-0.0164,-0.2372,-0.0186,-0.8259,0.1800,10.0649,-8.2279,-11.0409,43.8762,-21.0377,-49.0126
106908365,0.0061,0.0089,-0.4239,0.2248,0.0286,-0.1058,0.1276,-0.0229,-0.2408,-0.0179,-0.7259,0.1536,8.8115,-6.3024,-11.0961,43.9062,-21.0434,-49.0799
106913365,0.0041,0.0098,-0.3708,0.2104,0.0930,-0.0988,0.1218,-0.0266,-0.2440,-0.0173,-0.6395,0.1227,7.4825,-5.1472,-11.0437,43.9128,-21.0433,-49.1233
106918364,0.0024,0.0110,-0.2987,0.2071,0.2079,-0.0851,0.1146,-0.0375,-0.2466,-0.0168,-0.5223,0.1004,5.5443,-3.8269,-10.9876,43.9129,-21.0438,-49.1879
106923364,0.0013,0.0118,-0.2053,0.1640,0.2726,-0.0650,0.0955,-0.0410,-0.2486,-0.0166,-0.4000,0.0354,4.5476,-2.4158,-11.0430,43.9132,-21.0285,-49.2331
106928365,0.0004,0.0122,-0.1365,0.0681,0.2711,-0.0482,0.0659,-0.0282,-0.2501,-0.0170,-0.2939,-0.0859,3.3847,-0.5569,-10.8862,43.9135,-20.9989,-49.2956
106933364,0.0000,0.0123,-0.0785,-0.0018,0.1654,-0.0324,0.0445,-0.0185,-0.2512,-0.0179,-0.2164,-0.1679,2.5988,0.1939,-10.9414,43.9099,-20.9857,-49.3403
106938364,-0.0000,0.0122,0.0061,-0.0632,0.0823,-0.0063,0.0181,-0.0150,-0.2516,-0.0191,-0.0821,-0.2428,0.3704,1.3090,-10.7316,43.8744,-20.9572,-49.4012
106943365,0.0001,0.0117,0.0449,-0.0953,0.0897,0.0500,0.0024,-0.0104,-0.2517,-0.0206,-0.0298,-0.2965,0.3240,2.7632,-10.7316,43.8749,-20.9206,-49.4441
106948365,0.0004,0.0109,0.1090,-0.1408,0.0970,0.0500,-0.0500,-0.0076,-0.2515,-0.0222,0.0431,-0.3365,-1.4002,2.7632,-10.3627,43.8372,-20.9041,-49.5007
106953365,0.0012,0.0099,0.1906,-0.2083,0.0750,0.0500,-0.0500,-0.0029,-0.2510,-0.0240,0.1012,-0.3620,-1.4002,3.7656,-10.3142,43.8316,-20.8717,-49.5412
106958364,0.0028,0.0087,0.3470,-0.2419,0.1065,0.0500,-0.0500,-0.0148,-0.2497,-0.0260,0.2586,-0.3939,-1.4002,3.7656,-10.2039,43.8232,-20.8491,-49.6006
106963364,0.0046,0.0075,0.3882,-0.2523,0.1828,-0.0200,-0.0500,-0.0188,-0.2482,-0.0280,0.3040,-0.3971,-1.4002,3.6196,-9.7320,43.8176,-20.8370,-49.6314
106968364,0.0066,0.0061,0.4258,-0.2535,0.2357,-0.0200,0.0200,-0.0231,-0.2465,-0.0300,0.3429,-0.3961,-1.4002,2.6460,-9.5855,43.8092,-20.8378,-49.6865
106973365,0.0088,0.0046,0.4636,-0.2511,0.1926,0.1451,0.0200,-0.0284,-0.2445,-0.0319,0.4063,-0.3909,-1.4002,2.1592,-9.4194,43.8036,-20.8379,-49.7211
106978365,0.0112,0.0033,0.5143,-0.2434,0.1074,0.1684,-0.1373,-0.0351,-0.2422,-0.0339,0.4548,-0.3892,-0.6462,0.8160,-9.0013,43.8109,-20.8543,-49.7682
106983364,0.0138,0.0020,0.5443,-0.2248,0.0524,0.1845,-0.1439,-0.0426,-0.2399,-0.0357,0.4523,-0.3560,0.8078,-0.1055,-8.9528,43.8407,-20.8726,-49.8031
106988364,0.0167,0.0008,0.5831,-0.1973,0.0567,0.2000,-0.1529,-0.0550,-0.2375,-0.0373,0.4907,-0.3292,0.8078,-0.1055,-9.0080,43.8455,-20.8733,-49.8582
106993364,0.0197,-0.0002,0.6087,-0.1570,0.0652,0.2000,-0.1569,-0.0697,-0.2349,-0.0387,0.5173,-0.2872,0.8078,-0.1055,-8.9031,43.8487,-20.8737,-49.8919
106998365,0.0228,-0.0010,0.6472,-0.1206,0.0527,0.2000,-0.1618,-0.0855,-0.2322,-0.0400,0.5393,-0.2454,1.2721,-0.7767,-9.2223,43.8631,-20.8882,-49.9521
107003365,0.0262,-0.0015,0.7214,-0.0889,0.1126,0.2000,-0.1712,-0.1084,-0.2292,-0.0409,0.5922,-0.1916,1.7827,-2.2310,-9.2223,43.8801,-20.9238,-49.9890
107008365,0.0301,-0.0019,0.7324,-0.0889,0.1572,0.2000,-0.1801,-0.1162,-0.2264,-0.0418,0.5657,-0.1791,3.0564,-3.5431,-9.7219,43.9206,-20.9671,-50.0563
107013364,0.0338,-0.0024,0.6924,-0.1011,0.2158,0.2000,-0.1856,-0.1140,-0.2240,-0.0427,0.4882,-0.1807,4.4469,-4.6825,-10.1633,43.9628,-21.0069,-50.1054
107018365,0.0375,-0.0031,0.6839,-0.1295,0.2366,0.2000,-0.1967,-0.1106,-0.2219,-0.0437,0.4108,-0.1908,6.6617,-7.0629,-11.3574,44.0399,-21.0896,-50.1936
107023365,0.0406,-0.0040,0.6411,-0.1487,0.1398,0.2000,-0.2000,-0.1020,-0.2203,-0.0447,0.3244,-0.1982,8.1250,-8.5223,-12.0461,44.0980,-21.1499,-50.2540
107028365,0.0436,-0.0047,0.5877,-0.0929,0.0796,0.2000,-0.1864,-0.1084,-0.2193,-0.0453,0.1970,-0.1297,10.4116,-10.9389,-13.6604,44.1992,-21.2570,-50.3633
107033364,0.0464,-0.0047,0.5232,0.0382,0.0872,0.2000,-0.1529,-0.1326,-0.2189,-0.0453,0.0771,0.0073,12.1046,-12.6445,-15.0098,44.2781,-21.3382,-50.4474
107038364,0.0489,-0.0040,0.4719,0.1830,0.1221,0.2000,-0.1149,-0.1633,-0.2191,-0.0445,-0.0446,0.1569,14.2292,-14.7436,-16.8350,44.3992,-21.4622,-50.5788
107043365,0.0509,-0.0027,0.3720,0.2935,0.2244,0.2000,-0.0775,-0.1836,-0.2200,-0.0431,-0.1811,0.2711,15.3360,-15.8617,-17.7464,44.4803,-21.5456,-50.6659
107048364,0.0520,-0.0007,0.1765,0.3787,0.2708,0.2000,-0.0282,-0.1858,-0.2222,-0.0413,-0.4228,0.3598,16.7027,-17.2667,-18.9497,44.6039,-21.6730,-50.8003
107053365,0.0528,0.0012,0.1203,0.3827,0.1978,0.1919,-0.0133,-0.1862,-0.2247,-0.0395,-0.5031,0.3648,17.4153,-17.9644,-19.5980,44.6867,-21.7573,-50.8907
107058364,0.0532,0.0033,0.0461,0.4530,0.1779,0.1727,0.0500,-0.1989,-0.2277,-0.0373,-0.6077,0.4376,18.4070,-18.7976,-20.2758,44.8149,-21.8841,-51.0244
107063364,0.0532,0.0059,-0.0308,0.5632,0.2326,0.1640,0.0500,-0.2000,-0.2304,-0.0360,-0.5340,0.2572,18.9159,-19.1109,-20.5866,44.9001,-21.9661,-51.1126
107068364,0.0529,0.0092,-0.0840,0.6726,0.3181,0.1476,0.0500,-0.2000,-0.2334,-0.0342,-0.5995,0.3610,19.4453,-19.2141,-20.9553,45.0263,-22.0832,-51.2449
107073365,0.0527,0.0128,-0.0874,0.7471,0.3020,0.1454,0.0500,-0.2000,-0.2364,-0.0321,-0.6099,0.4331,19.7759,-18.9503,-21.1112,45.1115,-22.1544,-51.3321
107078365,0.0521,0.0166,-0.1243,0.7153,0.1535,0.1352,-0.0200,-0.2000,-0.2397,-0.0301,-0.6526,0.4005,20.0846,-18.0255,-21.1629,45.2372,-22.2468,-51.4598
107083365,0.0514,0.0201,-0.1426,0.6723,0.0848,0.1287,-0.0200,-0.2000,-0.2431,-0.0283,-0.6723,0.3582,20.1880,-17.0343,-21.1107,45.3199,-22.2966,-51.5433
107088365,0.0506,0.0234,-0.1897,0.6173,0.2051,0.1016,0.1555,-0.2000,-0.2473,-0.0256,-0.8546,0.5368,20.3511,-15.2778,-21.0058,45.4449,-22.3582,-51.6676
107093364,0.0496,0.0259,-0.2269,0.4936,0.3456,0.0874,0.1408,-0.2000,-0.2517,-0.0236,-0.8824,0.3977,20.4045,-14.1699,-20.9013,45.5275,-22.3952,-51.7495
107098364,0.0479,0.0282,-0.3769,0.4371,0.3487,0.0433,0.1576,-0.2000,-0.2569,-0.0220,-1.0251,0.3264,20.5147,-13.1631,-20.8528,45.6526,-22.4570,-51.8738
107103364,0.0460,0.0303,-0.4065,0.3864,0.3618,0.0284,0.1602,-0.2000,-0.2621,-0.0207,-1.0493,0.2646,20.5682,-12.4359,-20.8492,45.7358,-22.4931,-51.9570
107108365,0.0439,0.0321,-0.4288,0.3140,0.3936,0.0148,0.1557,-0.1857,-0.2674,-0.0198,-1.0640,0.1771,20.6221,-11.4548,-20.8492,45.8604,-22.5438,-52.0821
107113364,0.0417,0.0335,-0.4658,0.2520,0.4351,-0.0500,0.1533,-0.1674,-0.2729,-0.0193,-1.0854,0.0883,20.6221,-9.6944,-20.8456,45.9429,-22.5510,-52.1654
107118364,0.0400,0.0345,-0.3824,0.1921,0.4538,-0.0500,0.1217,-0.1780,-0.2761,-0.0193,-0.6385,0.0108,20.6192,-8.2091,-20.8487,46.0667,-22.5732,-52.2906
107123364,0.0393,0.0352,-0.0990,0.0858,0.4394,-0.0500,0.0648,-0.1902,-0.2778,-0.0199,-0.3437,-0.1156,20.5189,-6.8888,-20.8487,46.1470,-22.5777,-52.3740
107128365,0.0400,0.0350,0.1713,-0.0602,0.3792,-0.0500,-0.0500,-0.1907,-0.2780,-0.0214,-0.0503,-0.3014,19.8484,-4.2482,-20.8451,46.2551,-22.5585,-52.4989
107133364,0.0417,0.0343,0.3677,-0.1848,0.3740,0.0200,-0.0500,-0.1861,-0.2771,-0.0238,0.1829,-0.4909,19.3036,-2.3767,-20.9003,46.3224,-22.5344,-52.5834
107138365,0.0439,0.0324,0.4184,-0.3949,0.5081,0.0200,-0.0500,-0.1465,-0.2759,-0.0273,0.2334,-0.7015,18.1615,-0.2080,-20.9521,46.4118,-22.4981,-52.7098
107143365,0.0450,0.0305,0.1912,-0.4145,0.5839,0.0500,-0.0500,-0.0984,-0.2774,-0.0309,-0.2876,-0.7255,17.2774,1.3090,-20.9482,46.4643,-22.4660,-52.7934
107148364,0.0456,0.0286,0.1225,-0.4239,0.6960,0.0500,0.0200,-0.0957,-0.2777,-0.0346,-0.0619,-0.7303,15.5818,1.5029,-20.9510,46.5285,-22.4532,-52.9193
107153364,0.0458,0.0264,0.0983,-0.4905,0.7598,0.0500,0.0200,-0.0717,-0.2781,-0.0386,-0.0853,-0.7961,14.6239,1.5029,-20.8987,46.5695,-22.4471,-53.0021
107158364,0.0463,0.0240,0.1216,-0.5308,0.6999,0.0500,-0.1656,-0.0561,-0.2783,-0.0429,-0.0399,-0.8712,13.4447,2.3978,-20.7978,46.6305,-22.4182,-53.1252
107163365,0.0470,0.0212,0.1176,-0.6048,0.6184,-0.0200,-0.1915,-0.0300,-0.2785,-0.0477,-0.0444,-0.9466,12.7517,2.3978,-20.9020,46.6695,-22.4086,-53.2106
107168365,0.0476,0.0181,0.0861,-0.6469,0.6349,-0.0200,-0.2000,-0.0076,-0.2789,-0.0526,-0.0755,-0.9887,12.4843,2.3978,-20.9049,46.7400,-22.3942,-53.3359
107173365,0.0475,0.0150,-0.0391,-0.6506,0.6721,0.1442,-0.1975,0.0500,-0.2809,-0.0576,-0.4068,-0.9943,12.1081,2.3978,-20.8000,46.7814,-22.3846,-53.4172
107178364,0.0472,0.0116,-0.1124,-0.6955,0.6856,0.1383,-0.1951,0.0500,-0.2824,-0.0612,-0.2945,-0.7249,11.4933,1.7266,-20.5948,46.8393,-22.3841,-53.5376
107183365,0.0462,0.0082,-0.2114,-0.6823,0.7002,0.1091,-0.1882,0.0500,-0.2844,-0.0646,-0.3981,-0.6845,10.8471,-0.0559,-20.4361,46.8703,-22.4165,-53.6164
107188365,0.0455,0.0049,-0.1784,-0.6665,0.7305,0.1151,-0.1986,0.0500,-0.2862,-0.0679,-0.3548,-0.6545,9.7793,-0.9658,-19.4408,46.9096,-22.4370,-53.7163
107193365,0.0447,0.0017,-0.2065,-0.6716,0.6957,0.1054,-0.2000,-0.0200,-0.2881,-0.0711,-0.3805,-0.6354,8.8379,-2.5488,-18.7614,46.9275,-22.4756,-53.7795
107198365,0.0437,-0.0017,-0.2459,-0.7028,0.6340,0.0907,-0.2000,-0.0200,-0.2903,-0.0742,-0.4399,-0.6332,8.8914,-4.7469,-17.2559,46.9817,-22.5410,-53.8572
107203365,0.0424,-0.0051,-0.3024,-0.6854,0.5756,0.0602,-0.2000,0.1350,-0.2935,-0.0784,-0.6504,-0.8234,8.9384,-6.5528,-16.0498,47.0183,-22.5995,-53.9002
107208365,0.0410,-0.0084,-0.3210,-0.6353,0.5842,0.0487,-0.2000,0.1367,-0.2970,-0.0819,-0.6839,-0.7094,9.2715,-9.2406,-14.4510,47.0796,-22.7003,-53.9603
107213365,0.0393,-0.0110,-0.3833,-0.5049,0.6282,0.0242,-0.1745,0.1262,-0.3008,-0.0846,-0.7639,-0.5404,9.7191,-11.1308,-13.7560,47.1265,-22.7789,-54.0030
107218365,0.0373,-0.0128,-0.4398,-0.3479,0.6639,0.0004,-0.1320,0.1061,-0.3050,-0.0863,-0.8350,-0.3313,9.8852,-13.5759,-12.7083,47.1886,-22.9024,-54.0610
107223365,0.0349,-0.0139,-0.5232,-0.2053,0.6773,-0.0500,-0.0870,0.0919,-0.3096,-0.0870,-0.9267,-0.1543,10.0456,-15.0593,-11.8808,47.2317,-22.9893,-54.0937
107228364,0.0321,-0.0143,-0.6255,-0.0822,0.6767,-0.0500,-0.0465,0.0753,-0.3139,-0.0870,-0.8563,0.0164,9.6695,-16.6714,-10.4126,47.2830,-23.1164,-54.1332
107233365,0.0283,-0.0142,-0.8091,0.0107,0.6178,-0.0500,0.0500,0.0842,-0.3191,-0.0863,-1.0364,0.1384,8.4863,-17.4667,-9.2065,47.2955,-23.2003,-54.1477
107238365,0.0243,-0.0140,-0.8476,0.0202,0.6416,-0.0500,0.0500,0.1035,-0.3236,-0.0867,-0.9105,-0.0891,8.1093,-18.5018,-7.4000,47.3387,-23.3288,-54.1627
107243365,0.0206,-0.0139,-0.8054,0.0244,0.6752,0.0200,0.0500,0.1020,-0.3279,-0.0870,-0.8559,-0.0633,6.6552,-18.8661,-5.9353,47.3391,-23.4109,-54.1600
107248364,0.0176,-0.0138,-0.5840,0.0211,0.7183,0.0200,0.0500,0.0779,-0.3310,-0.0872,-0.6212,-0.0437,4.9319,-19.2827,-4.3730,47.3391,-23.5341,-54.1596
107253365,0.0151,-0.0136,-0.4594,0.0287,0.7671,-0.0721,-0.0200,0.0660,-0.3338,-0.0874,-0.5594,-0.0249,4.0164,-19.4350,-3.5918,47.3387,-23.6147,-54.1599
107258365,0.0137,-0.0134,-0.3503,0.0403,0.7723,-0.0483,-0.0200,0.0489,-0.3359,-0.0873,-0.4188,0.0110,2.9932,-18.8106,-1.9572,47.3391,-23.7173,-54.1451
107263364,0.0131,-0.0130,-0.1772,0.0611,0.8417,-0.0184,-0.0500,0.0077,-0.3378,-0.0857,-0.3799,0.3233,2.4546,-18.1457,-0.6462,47.3391,-23.7780,-54.1236
107268365,0.0121,-0.0126,-0.2431,0.1066,0.8737,-0.0263,-0.0500,0.0175,-0.3392,-0.0852,-0.2785,0.0992,1.8084,-16.7489,-0.4889,47.3388,-23.8553,-54.1238
107273365,0.0108,-0.0119,-0.3140,0.1610,0.7656,-0.0475,-0.0500,0.0157,-0.3409,-0.0844,-0.3429,0.1552,1.4852,-15.9048,-0.3841,47.3389,-23.9037,-54.1235
107278364,0.0093,-0.0105,-0.3561,0.2889,0.6773,-0.0624,-0.0500,-0.0500,-0.3428,-0.0830,-0.3777,0.2847,1.1083,-14.5810,-0.2792,47.3390,-23.9691,-54.1235
107283364,0.0078,-0.0090,-0.3503,0.3149,0.7033,-0.0660,0.0200,-0.0500,-0.3445,-0.0814,-0.3550,0.3149,0.2706,-14.0162,-0.2267,47.3258,-24.0152,-54.1235
107288365,0.0064,-0.0071,-0.2984,0.3448,0.6773,-0.0561,0.0200,-0.0500,-0.3459,-0.0797,-0.2731,0.3449,-1.4649,-13.5337,-0.1743,47.2856,-24.0883,-54.1237
107293365,0.0053,-0.0053,-0.2630,0.3552,0.6605,-0.0601,0.0500,-0.0500,-0.3477,-0.0770,-0.3502,0.5513,-1.4649,-13.1158,-0.1219,47.2797,-24.1335,-54.1233
107298365,0.0044,-0.0033,-0.2288,0.3845,0.6492,-0.0449,0.0500,0.0200,-0.3486,-0.0750,-0.1849,0.3846,-2.5464,-12.8361,-0.1219,47.2474,-24.2059,-54.1240
107303365,0.0033,-0.0013,-0.2501,0.4068,0.6346,-0.0542,0.0500,0.0200,-0.3496,-0.0730,-0.2063,0.4069,-2.5464,-12.3998,-0.0694,47.2372,-24.2472,-54.1234
107308365,0.0024,0.0009,-0.2349,0.4276,0.5918,-0.0527,0.0500,-0.0810,-0.3505,-0.0709,-0.1783,0.4258,-3.3486,-11.2604,-0.1219,47.2026,-24.2939,-54.1249
107313365,0.0012,0.0032,-0.2236,0.4441,0.5857,-0.0537,-0.0200,-0.0922,-0.3513,-0.0687,-0.1566,0.4423,-3.9578,-9.5000,-0.1219,47.1766,-24.3003,-54.1253
107318365,0.0004,0.0055,-0.1747,0.4328,0.5903,-0.0439,-0.0200,-0.1023,-0.3518,-0.0665,-0.0944,0.4244,-4.9579,-8.6748,-0.5613,47.1301,-24.3367,-54.1351
107323364,-0.0003,0.0076,-0.1341,0.3879,0.6138,-0.0416,0.1253,-0.1073,-0.3524,-0.0642,-0.1190,0.4689,-5.3125,-7.1170,-1.6842,47.1026,-24.3372,-54.1626
107328364,-0.0004,0.0092,-0.0449,0.2981,0.6031,-0.0183,0.0972,-0.1020,-0.3524,-0.0625,-0.0128,0.3376,-5.7997,-5.2185,-2.5703,47.0586,-24.3361,-54.1912
107333364,-0.0004,0.0106,-0.0156,0.2596,0.5087,-0.0087,0.0896,-0.1004,-0.3523,-0.0611,0.0291,0.2823,-6.4195,-4.5370,-3.0133,47.0210,-24.3416,-54.2119
107338365,-0.0003,0.0118,0.0009,0.2184,0.4180,-0.0033,0.0822,-0.0949,-0.3521,-0.0600,0.0394,0.2167,-6.8962,-4.5370,-4.6512,46.9711,-24.3688,-54.2672
107343365,-0.0001,0.0129,0.0073,0.1930,0.3838,-0.0006,0.0776,-0.0917,-0.3519,-0.0592,0.0441,0.1617,-7.1101,-3.8511,-5.9496,46.9384,-24.3721,-54.3141
107348364,0.0002,0.0138,0.0305,0.1701,0.4241,0.0500,0.0694,-0.0913,-0.3515,-0.0587,0.0651,0.0989,-7.3316,-2.8487,-7.6250,46.8906,-24.3719,-54.3876
107353365,0.0003,0.0145,-0.0040,0.1176,0.4858,0.0500,0.0669,-0.0719,-0.3521,-0.0586,-0.1023,0.0182,-7.3780,-2.3212,-8.9862,46.8602,-24.3717,-54.4478
107358364,0.0005,0.0151,0.0125,0.1005,0.4864,0.0500,0.0609,-0.0702,-0.3525,-0.0588,-0.0945,-0.0310,-6.9472,-1.7408,-10.5589,46.8257,-24.3722,-54.5369
107363364,0.0005,0.0151,-0.0385,-0.0153,0.3640,0.0500,0.0428,-0.0358,-0.3533,-0.0596,-0.1485,-0.1613,-6.9472,-1.4243,-11.2209,46.7979,-24.3721,-54.5939
107368365,0.0003,0.0144,-0.0544,-0.1472,0.2861,-0.0200,0.0140,0.0002,-0.3541,-0.0612,-0.1714,-0.3164,-5.4823,-1.0550,-12.3997,46.7891,-24.3720,-54.6886
107373365,-0.0001,0.0129,-0.1109,-0.3311,0.1993,-0.0200,-0.0500,0.0500,-0.3553,-0.0637,-0.2310,-0.5122,-5.3132,-0.8440,-12.9901,46.7712,-24.3715,-54.7512
107378365,-0.0005,0.0110,-0.1115,-0.3913,0.0976,-0.0500,-0.0500,0.0500,-0.3554,-0.0657,-0.0284,-0.3913,-4.8430,-0.6329,-13.5014,46.7492,-24.3717,-54.8408
107383365,-0.0009,0.0087,-0.0968,-0.4084,0.0881,-0.0500,-0.0500,0.0500,-0.3559,-0.0677,-0.0968,-0.4084,-3.9496,-0.5274,-13.5014,46.7495,-24.3719,-54.8948
107388365,-0.0014,0.0063,-0.0993,-0.4160,0.1541,-0.0500,-0.0500,0.0500,-0.3564,-0.0698,-0.0993,-0.4160,-2.9152,-0.3691,-12.7945,46.7497,-24.3714,-54.9607
107393365,-0.0017,0.0042,-0.1060,-0.4084,0.2070,-0.0500,0.0200,-0.0200,-0.3569,-0.0718,-0.1060,-0.4084,-2.3979,-0.3164,-12.3242,46.7494,-24.3717,-55.0022
107398364,-0.0022,0.0021,-0.1555,-0.4059,0.1361,0.0200,0.0200,-0.0200,-0.3577,-0.0739,-0.1555,-0.4059,-2.2569,-0.3164,-10.8061,46.7386,-24.3735,-55.0410
107403365,-0.0031,-0.0001,-0.2282,-0.4178,0.0283,0.0200,-0.0627,0.1386,-0.3593,-0.0767,-0.3147,-0.5586,-2.2569,-0.3164,-9.7406,46.7296,-24.3748,-55.0602
107408365,-0.0043,-0.0022,-0.2718,-0.3763,0.0097,-0.0876,-0.0533,0.1405,-0.3607,-0.0791,-0.2936,-0.4867,-2.8452,-0.4282,-7.8098,46.7013,-24.3789,-55.0759
107413364,-0.0057,-0.0040,-0.2746,-0.3128,0.0481,-0.0941,-0.0412,0.1335,-0.3622,-0.0811,-0.2978,-0.3925,-3.5097,-2.2181,-7.5340,46.6762,-24.4199,-55.1007
107418364,-0.0070,-0.0051,-0.2633,-0.1591,0.0075,-0.0947,-0.0093,0.1037,-0.3636,-0.0822,-0.2702,-0.2225,-3.9527,-2.2740,-6.4853,46.6439,-24.4347,-55.1234
107423365,-0.0080,-0.0058,-0.2434,-0.1164,-0.0200,-0.0925,-0.0011,0.0944,-0.3648,-0.0829,-0.2387,-0.1503,-4.4634,-3.0982,-5.3316,46.6166,-24.4611,-55.1240
107428365,-0.0090,-0.0063,-0.2514,-0.1164,-0.0200,-0.0974,0.0010,0.0972,-0.3659,-0.0836,-0.2284,-0.1285,-4.8403,-3.1467,-3.9158,46.5816,-24.4809,-55.1233
107433365,-0.0102,-0.0069,-0.2755,-0.1191,-0.0441,-0.1074,0.0500,0.1040,-0.3672,-0.0841,-0.2476,-0.1127,-5.0657,-3.7147,-3.2341,46.5576,-24.5062,-55.1240
107438365,-0.0117,-0.0076,-0.3430,-0.1176,-0.0890,-0.1250,0.0500,0.1186,-0.3684,-0.0849,-0.2524,-0.1539,-6.4378,-3.7147,-2.3951,46.4955,-24.5285,-55.1240
107443365,-0.0135,-0.0080,-0.3992,-0.0751,-0.0884,-0.1451,0.0500,0.1205,-0.3699,-0.0854,-0.2929,-0.1053,-7.1331,-3.7147,-1.9756,46.4543,-24.5433,-55.1243
107448365,-0.0152,-0.0082,-0.3665,0.0156,-0.0908,-0.1401,0.0500,0.0965,-0.3709,-0.0853,-0.2105,0.0230,-8.7619,-3.3846,0.5517,46.3748,-24.5574,-55.0784
107453365,-0.0170,-0.0080,-0.3277,0.0742,-0.1000,-0.1363,-0.0200,0.0807,-0.3717,-0.0849,-0.1567,0.0883,-9.4081,-3.3846,1.0010,46.3254,-24.5709,-55.0666
107458365,-0.0184,-0.0075,-0.2489,0.1063,-0.0768,-0.1192,-0.0200,0.0615,-0.3719,-0.0841,-0.0357,0.1421,-11.1226,-2.9085,2.4693,46.2293,-24.5815,-55.0258
107463365,-0.0192,-0.0066,-0.1362,0.1494,-0.1406,-0.0919,0.0627,0.0347,-0.3714,-0.0831,0.0945,0.2169,-12.2188,-1.1481,3.4623,46.1611,-24.5545,-54.9933
107468364,-0.0191,-0.0054,0.0669,0.2413,-0.1925,-0.0366,0.0605,-0.0500,-0.3698,-0.0815,0.3355,0.3123,-13.5961,-0.4329,4.4037,46.0561,-24.5437,-54.9528
107473365,-0.0184,-0.0042,0.1042,0.2883,-0.1858,-0.0263,0.0652,-0.0500,-0.3680,-0.0800,0.3529,0.2923,-14.6119,-0.3779,4.4037,45.9793,-24.5442,-54.9352
107478364,-0.0176,-0.0025,0.1298,0.3167,-0.1672,-0.0150,0.0711,-0.0500,-0.3660,-0.0784,0.3997,0.3190,-15.7955,-0.2679,4.9896,45.8644,-24.5438,-54.8948
107483365,-0.0166,-0.0007,0.1622,0.3509,-0.2130,-0.0014,0.0788,-0.0500,-0.3638,-0.0767,0.4429,0.3525,-16.4028,-0.2129,4.9896,45.7881,-24.5437,-54.8748
107488364,-0.0155,0.0012,0.1857,0.3500,-0.2695,0.0500,0.0807,0.0200,-0.3614,-0.0749,0.4726,0.3508,-16.7449,-0.1579,4.5177,45.6816,-24.5437,-54.8567
107493365,-0.0144,0.0030,0.2095,0.3274,-0.2619,0.0500,0.0869,0.0200,-0.3603,-0.0733,0.2140,0.3198,-16.9574,0.5164,4.5177,45.6098,-24.5304,-54.8386
107498365,-0.0131,0.0046,0.2401,0.3063,-0.2283,0.0500,0.0812,-0.0865,-0.3589,-0.0717,0.2820,0.3221,-16.5705,1.9106,2.9445,45.5169,-24.4935,-54.8458
107503365,-0.0116,0.0061,0.2718,0.2541,-0.1913,0.0500,0.0662,-0.0852,-0.3574,-0.0705,0.2993,0.2447,-16.0744,1.9106,1.2665,45.4613,-24.4858,-54.8708
107508364,-0.0102,0.0071,0.2566,0.1897,-0.1916,-0.0200,0.0537,-0.0747,-0.3560,-0.0697,0.2867,0.1617,-14.5410,2.6862,0.7946,45.3993,-24.4566,-54.8747
107513364,-0.0090,0.0074,0.2098,0.0336,-0.1522,-0.0200,0.0236,-0.0386,-0.3548,-0.0697,0.2386,0.0032,-13.6589,2.6862,0.6373,45.3597,-24.4458,-54.8750
107518365,-0.0080,0.0073,0.1857,-0.0531,-0.0304,0.0330,-0.0500,-0.0267,-0.3527,-0.0702,0.4192,-0.0981,-11.6032,3.4693,0.4800,45.3240,-24.4114,-54.8748
107523364,-0.0070,0.0069,0.1723,-0.0941,0.0546,0.0287,-0.0500,-0.0184,-0.3509,-0.0707,0.3576,-0.1040,-11.1110,3.4693,-0.6347,45.2886,-24.3975,-54.8969
107528365,-0.0059,0.0062,0.1903,-0.0935,0.0069,0.0351,-0.0500,-0.0177,-0.3492,-0.0712,0.3363,-0.1128,-9.1390,3.9441,-1.2694,45.2688,-24.3663,-54.9167
107533364,-0.0049,0.0055,0.1658,-0.1494,-0.1253,0.0339,-0.0500,0.0001,-0.3477,-0.0721,0.2998,-0.1686,-8.4337,3.9441,-1.2694,45.2469,-24.3505,-54.9218
107538365,-0.0041,0.0046,0.1344,-0.2019,-0.1370,0.0280,0.0200,0.0500,-0.3465,-0.0732,0.2498,-0.2210,-7.3522,3.4573,-1.2694,45.2228,-24.3372,-54.9294
107543364,-0.0035,0.0034,0.0742,-0.2553,-0.0829,0.0140,0.0200,0.0500,-0.3456,-0.0745,0.1841,-0.2555,-6.3895,2.8245,-1.2694,45.2140,-24.3374,-54.9345
107548364,-0.0032,0.0018,0.0269,-0.3253,-0.1360,0.0034,-0.0657,0.0500,-0.3449,-0.0763,0.1264,-0.3566,-4.7316,2.0943,-1.9893,45.2140,-24.3373,-54.9591
107553365,-0.0032,-0.0001,-0.0278,-0.3326,-0.2457,-0.0500,-0.0635,0.0500,-0.3447,-0.0780,0.0467,-0.3461,-3.8759,0.8972,-1.4355,45.2140,-24.3546,-54.9557
107558364,-0.0034,-0.0016,-0.0684,-0.2526,-0.1067,-0.0500,-0.0437,-0.0200,-0.3451,-0.0792,-0.0689,-0.2518,-3.5550,-0.0528,-0.9371,45.1988,-24.3728,-54.9522
107563364,-0.0038,-0.0027,-0.1142,-0.1723,0.0222,-0.0500,-0.0250,-0.0200,-0.3456,-0.0801,-0.1147,-0.1715,-3.5550,-0.0528,-0.7710,45.1846,-24.3730,-54.9522
107568365,-0.0046,-0.0036,-0.1927,-0.1500,-0.0175,-0.0500,-0.0112,0.0785,-0.3466,-0.0808,-0.1923,-0.1477,-3.4996,-0.0528,0.0976,45.1644,-24.3733,-54.9386
107573365,-0.0057,-0.0042,-0.2761,-0.1402,-0.0798,0.0200,0.0500,0.0906,-0.3479,-0.0814,-0.2644,-0.1182,-3.0566,-0.0528,1.4159,45.1603,-24.3735,-54.9089
107578365,-0.0072,-0.0049,-0.3277,-0.1356,-0.0352,0.0200,0.0500,0.1007,-0.3495,-0.0820,-0.3156,-0.1144,-3.0566,-2.1782,1.4159,45.1420,-24.4231,-54.9004
107583365,-0.0090,-0.0058,-0.3317,-0.1555,0.0066,-0.1139,0.0500,0.1093,-0.3508,-0.0827,-0.2580,-0.1345,-3.5673,-2.1782,1.4159,45.1183,-24.4319,-54.8947
107588365,-0.0109,-0.0066,-0.3684,-0.1216,-0.0743,-0.1284,0.0500,0.1129,-0.3522,-0.0831,-0.2782,-0.0881,-4.1058,-2.1782,2.2549,45.0853,-24.4449,-54.8656
107593364,-0.0126,-0.0072,-0.3610,-0.0742,-0.1550,-0.1322,-0.0200,0.1081,-0.3535,-0.0833,-0.2708,-0.0407,-4.1058,-2.1782,2.2549,45.0688,-24.4536,-54.8566
107598365,-0.0142,-0.0074,-0.3641,0.0027,-0.0976,-0.1390,-0.0200,0.0933,-0.3548,-0.0831,-0.2566,0.0511,-4.6129,-1.9358,3.2479,45.0332,-24.4615,-54.8207
107603364,-0.0160,-0.0072,-0.4023,0.0803,0.1523,-0.1596,0.0748,0.0790,-0.3563,-0.0822,-0.3014,0.1632,-4.6129,-1.5480,4.0228,45.0148,-24.4608,-54.7915
107608364,-0.0179,-0.0070,-0.3864,0.0874,0.0912,-0.1599,0.0779,0.0785,-0.3576,-0.0814,-0.2518,0.1646,-5.2971,-0.0750,5.1049,44.9710,-24.4380,-54.7428
107613365,-0.0196,-0.0066,-0.3067,0.1109,0.0286,-0.1446,0.0778,0.0657,-0.3584,-0.0805,-0.1558,0.1845,-5.5110,0.7831,5.7141,44.9448,-24.4189,-54.7098
107618365,-0.0208,-0.0061,-0.1994,0.1393,-0.0297,-0.1191,0.0752,0.0450,-0.3584,-0.0794,-0.0165,0.2271,-6.8987,0.7831,6.6680,44.8800,-24.4142,-54.6539
107623364,-0.0213,-0.0054,-0.0849,0.1713,-0.0594,-0.0907,0.0716,0.0214,-0.3579,-0.0780,0.1170,0.2685,-7.6842,0.7831,7.2972,44.8354,-24.4111,-54.6133
107628365,-0.0213,-0.0044,0.0281,0.2343,-0.0450,-0.0599,0.0725,-0.0500,-0.3565,-0.0764,0.2635,0.3215,-8.8585,1.8910,7.7386,44.7631,-24.3829,-54.5595
107633365,-0.0209,-0.0031,0.1182,0.2917,-0.0832,-0.0386,0.0714,-0.0500,-0.3550,-0.0751,0.3057,0.2563,-9.7225,2.3130,8.1260,44.7086,-24.3654,-54.5199
107638365,-0.0202,-0.0015,0.1726,0.3360,-0.1654,-0.0188,0.0770,-0.0500,-0.3531,-0.0737,0.3882,0.2853,-10.8512,3.3353,8.2306,44.6250,-24.3266,-54.4686
107643364,-0.0191,0.0000,0.2123,0.3607,-0.1406,-0.0038,0.0788,-0.0500,-0.3508,-0.0722,0.4447,0.2938,-11.2821,4.4356,7.3999,44.5721,-24.2884,-54.4532
107648365,-0.0178,0.0021,0.2553,0.3900,-0.0279,0.0500,0.0811,0.0200,-0.3483,-0.0707,0.5078,0.3086,-11.9586,5.4167,7.3022,44.4889,-24.2394,-54.4107
107653365,-0.0163,0.0041,0.3106,0.3668,-0.1086,0.0500,0.0810,0.0200,-0.3465,-0.0693,0.3637,0.2758,-12.0656,6.1439,5.9840,44.4387,-24.2013,-54.4106
107658365,-0.0146,0.0059,0.3238,0.3241,-0.1409,0.0500,0.0747,-0.1016,-0.3444,-0.0679,0.4251,0.2822,-11.7781,7.2962,4.4216,44.3723,-24.1376,-54.4108
107663365,-0.0128,0.0073,0.3415,0.2621,-0.0524,0.0500,0.0577,-0.0989,-0.3421,-0.0669,0.4461,0.2000,-11.2395,8.1564,3.9334,44.3363,-24.0896,-54.4042
107668365,-0.0110,0.0085,0.3488,0.2065,0.0704,-0.0200,0.0426,-0.0966,-0.3398,-0.0662,0.4592,0.1346,-10.4193,8.8102,3.9334,44.2882,-24.0256,-54.3806
107673365,-0.0092,0.0092,0.3290,0.1246,0.1224,-0.0200,0.0248,-0.0820,-0.3376,-0.0660,0.4398,0.0379,-8.6163,9.3266,3.4615,44.2861,-23.9787,-54.3749
107678365,-0.0076,0.0097,0.3204,0.0779,0.1275,0.0665,0.0077,-0.0791,-0.3349,-0.0662,0.5540,-0.0327,-7.2641,10.0016,2.5700,44.2674,-23.9068,-54.3747
107683365,-0.0059,0.0100,0.2996,0.0376,0.1089,0.0675,-0.0011,-0.0706,-0.3323,-0.0666,0.5226,-0.0840,-6.7468,10.2653,2.0981,44.2491,-23.8611,-54.3748
107688365,-0.0044,0.0098,0.2660,-0.0519,0.0952,0.0625,-0.0500,-0.0472,-0.3300,-0.0675,0.4542,-0.1821,-4.9600,10.3140,1.5737,44.2499,-23.7984,-54.3744
107693364,-0.0032,0.0093,0.2007,-0.1179,0.1056,0.0418,-0.0500,-0.0302,-0.3286,-0.0681,0.2751,-0.1099,-4.0666,10.2040,0.5376,44.2496,-23.7597,-54.3903
107698365,-0.0024,0.0080,0.1310,-0.2813,0.0295,0.0265,-0.0500,0.0500,-0.3277,-0.0695,0.1789,-0.2886,-3.0322,9.5844,-0.4882,44.2492,-23.7135,-54.4123
107703365,-0.0019,0.0064,0.0867,-0.3415,0.0194,0.0173,-0.0500,0.0500,-0.3271,-0.0712,0.1291,-0.3415,-2.4679,8.1300,-0.4882,44.2495,-23.7070,-54.4142
107708365,-0.0014,0.0044,0.0507,-0.3961,0.0481,0.0074,0.0200,0.0500,-0.3268,-0.0732,0.0613,-0.3962,-0.6175,7.4588,-0.4882,44.2757,-23.6722,-54.4172
107713364,-0.0010,0.0022,0.0299,-0.4102,0.0723,0.0024,0.0200,0.0500,-0.3266,-0.0753,0.0280,-0.4102,0.1127,6.1164,-0.4882,44.2901,-23.6719,-54.4191
107718364,-0.0009,0.0001,-0.0171,-0.4026,0.0274,-0.0500,-0.0898,-0.0200,-0.3265,-0.0776,0.0201,-0.4704,0.1127,4.5502,-0.4882,44.2908,-23.6714,-54.4221
107723365,-0.0011,-0.0020,-0.0916,-0.3790,-0.0850,-0.0500,-0.0794,-0.0200,-0.3268,-0.0798,-0.0597,-0.4344,0.1127,3.7112,-0.4882,44.2913,-23.6717,-54.4240
107728364,-0.0016,-0.0038,-0.1378,-0.3457,-0.1131,-0.0500,-0.0706,0.1131,-0.3274,-0.0818,-0.1182,-0.3942,0.1127,2.7604,-0.4882,44.2919,-23.6715,-54.4269
107733365,-0.0023,-0.0056,-0.1768,-0.3183,-0.0304,-0.0500,-0.0644,0.1173,-0.3282,-0.0835,-0.1567,-0.3504,0.1127,2.2570,0.0976,44.2924,-23.6716,-54.4168
107738364,-0.0033,-0.0072,-0.2379,-0.2868,0.0597,0.0200,-0.0535,0.1235,-0.3293,-0.0850,-0.2201,-0.3047,0.1127,1.6417,0.4394,44.2931,-23.6723,-54.4075
107743365,-0.0045,-0.0086,-0.2999,-0.2694,-0.0881,0.0200,-0.0421,0.1367,-0.3307,-0.0865,-0.2845,-0.2831,0.1127,1.3621,0.4394,44.2935,-23.6719,-54.4057
107748364,-0.0062,-0.0097,-0.3836,-0.2019,-0.1583,-0.1184,-0.0155,0.1400,-0.3326,-0.0875,-0.3703,-0.2044,0.1127,0.9780,0.8065,44.2942,-23.6725,-54.3956
107753365,-0.0083,-0.0108,-0.4197,-0.1793,-0.1663,-0.1356,-0.0033,0.1453,-0.3346,-0.0882,-0.4067,-0.1445,-0.1690,-0.5818,1.7504,44.2883,-23.7026,-54.3708
107758364,-0.0104,-0.0116,-0.4407,-0.1093,-0.1086,-0.1500,0.0500,0.1379,-0.3367,-0.0885,-0.4259,-0.0581,-0.1690,-1.0181,2.4123,44.2873,-23.7172,-54.3466
107763365,-0.0125,-0.0119,-0.4383,-0.0119,-0.0316,-0.1575,0.0500,0.1201,-0.3388,-0.0883,-0.4069,0.0380,-0.1690,-1.0181,3.3299,44.2866,-23.7213,-54.3163
107768364,-0.0146,-0.0120,-0.4078,0.0425,-0.0059,-0.1558,0.0500,0.1051,-0.3405,-0.0877,-0.3421,0.1224,-1.1565,-1.0181,5.3400,44.2646,-23.7274,-54.2503
107773365,-0.0169,-0.0117,-0.4362,0.1014,0.0191,-0.1711,0.0500,0.0975,-0.3422,-0.0867,-0.3521,0.1938,-1.8148,-1.0181,6.1676,44.2448,-23.7314,-54.2115
107778365,-0.0191,-0.0112,-0.4875,0.1261,0.0246,-0.1904,-0.0200,0.0983,-0.3441,-0.0855,-0.3687,0.2437,-2.9914,-1.0181,7.8477,44.2063,-23.7376,-54.1365
107783364,-0.0214,-0.0106,-0.4407,0.1622,-0.0224,-0.1854,-0.0200,0.0860,-0.3456,-0.0840,-0.2968,0.2919,-4.0435,-1.0181,8.6588,44.1722,-23.7416,-54.0875
107788364,-0.0236,-0.0096,-0.3998,0.2049,0.0063,-0.1811,0.1113,0.0696,-0.3466,-0.0823,-0.2164,0.3510,-5.4030,0.3878,10.1353,44.1167,-23.7171,-54.0020
107793365,-0.0246,-0.0085,-0.1628,0.2330,-0.0178,-0.1234,0.0932,0.0309,-0.3464,-0.0804,0.0442,0.3838,-6.3235,0.6787,10.7413,44.0743,-23.7087,-53.9487
107798364,-0.0247,-0.0072,-0.0018,0.2715,-0.0071,-0.0804,0.0852,-0.0500,-0.3452,-0.0782,0.2492,0.4334,-8.4985,0.6787,11.4990,43.9860,-23.7047,-53.8673
107803366,-0.0243,-0.0058,0.1106,0.3164,-0.0102,-0.0554,0.0743,-0.0500,-0.3437,-0.0768,0.2962,0.2835,-9.6978,2.1330,11.7197,43.9258,-23.6702,-53.8166
107808364,-0.0235,-0.0043,0.1585,0.3564,-0.0524,-0.0371,0.0800,-0.0500,-0.3418,-0.0752,0.3737,0.3233,-11.4176,2.1330,11.9656,43.8273,-23.6574,-53.7406
107813365,-0.0224,-0.0024,0.1604,0.3803,-0.0817,-0.0297,0.0878,-0.0500,-0.3398,-0.0735,0.4082,0.3322,-12.8177,3.1354,11.5780,43.7508,-23.6277,-53.7006
107818365,-0.0215,-0.0002,0.1744,0.3943,-0.1134,-0.0196,0.0928,0.0200,-0.3375,-0.0718,0.4535,0.3315,-14.1479,4.1253,10.6438,43.6435,-23.5872,-53.6513
107823364,-0.0204,0.0017,0.2413,0.3763,-0.1415,0.0500,0.0845,0.0200,-0.3348,-0.0703,0.5353,0.3070,-14.7960,4.5654,10.0145,43.5723,-23.5617,-53.6218
107828365,-0.0190,0.0036,0.3091,0.3629,-0.1794,0.0500,0.0911,-0.0977,-0.3327,-0.0683,0.4369,0.4081,-15.5325,5.9417,8.8609,43.4664,-23.5031,-53.5900
107833365,-0.0173,0.0053,0.3641,0.3390,-0.2222,0.0500,0.0802,-0.1061,-0.3302,-0.0665,0.4905,0.3554,-15.6967,6.8207,7.8128,43.4007,-23.4605,-53.5768
107838364,-0.0152,0.0067,0.3928,0.2764,-0.1767,0.0500,0.0607,-0.1030,-0.3277,-0.0652,0.5103,0.2504,-15.3736,7.7092,5.8820,43.3135,-23.3990,-53.5749
107843365,-0.0131,0.0079,0.3894,0.2074,-0.1241,-0.0200,0.0437,-0.0957,-0.3251,-0.0644,0.5164,0.1653,-14.7538,8.7845,5.8820,43.2655,-23.3444,-53.5513
107848365,-0.0112,0.0086,0.3772,0.1213,-0.0875,-0.0200,0.0232,-0.0804,-0.3226,-0.0642,0.5032,0.0533,-13.4132,9.5844,4.9618,43.2071,-23.2728,-53.5361
107853365,-0.0093,0.0088,0.3836,0.0122,-0.0337,0.0854,-0.0500,-0.0691,-0.3189,-0.0646,0.7210,-0.0816,-12.3970,10.3431,4.0415,43.1874,-23.2175,-53.5365
107858365,-0.0072,0.0088,0.4047,-0.0333,0.0518,0.0878,-0.0500,-0.0711,-0.3159,-0.0645,0.6081,0.0108,-10.3481,10.8242,2.9760,43.1485,-23.1441,-53.5368
107863365,-0.0049,0.0084,0.4255,-0.0333,0.0506,0.1014,-0.0500,-0.0759,-0.3128,-0.0645,0.6167,-0.0006,-10.0231,11.0880,2.2091,43.1228,-23.0948,-53.5414
107868365,-0.0027,0.0078,0.3995,-0.1014,-0.0872,0.1022,-0.0500,-0.0544,-0.3101,-0.0650,0.5471,-0.0999,-8.5376,10.8129,0.1129,43.0908,-23.0341,-53.5775
107873365,-0.0008,0.0071,0.3595,-0.1524,-0.1382,0.0989,0.0200,-0.0385,-0.3077,-0.0658,0.4868,-0.1508,-7.3528,10.4514,0.1129,43.0896,-22.9982,-53.5770
107878365,0.0010,0.0061,0.3152,-0.2175,-0.1290,0.0916,0.0200,-0.0174,-0.3056,-0.0668,0.4050,-0.2166,-5.1986,9.3734,0.0577,43.0898,-22.9617,-53.5775
107883365,0.0025,0.0043,0.2816,-0.3943,-0.2713,0.0955,-0.1213,0.0500,-0.3035,-0.0694,0.4261,-0.5101,-4.4446,7.8220,0.0577,43.0898,-22.9582,-53.5773
107888365,0.0037,0.0021,0.1802,-0.4331,-0.3040,0.0718,-0.1234,0.0500,-0.3021,-0.0720,0.2836,-0.5296,-2.7715,6.4646,-2.0975,43.0976,-22.9441,-53.6261
107893365,0.0046,-0.0003,0.1518,-0.4371,-0.2100,0.0654,-0.1311,0.0500,-0.3009,-0.0747,0.2337,-0.5311,-1.6109,6.2968,-2.0975,43.1139,-22.9217,-53.6345
107898365,0.0052,-0.0025,0.0965,-0.3952,-0.0362,0.0484,-0.1228,0.0500,-0.3003,-0.0770,0.1329,-0.4651,0.2215,4.6747,-2.0975,43.1451,-22.9215,-53.6471
107903364,0.0055,-0.0045,0.0027,-0.3842,0.0072,0.0235,-0.1149,-0.0200,-0.3002,-0.0792,0.0161,-0.4408,1.1075,3.7798,-2.0975,43.1654,-22.9224,-53.6555
107908365,0.0052,-0.0064,-0.1060,-0.3574,-0.0038,-0.0500,-0.0995,-0.0200,-0.3007,-0.0812,-0.1119,-0.3997,1.7493,2.8289,-1.4411,43.1863,-22.9217,-53.6541
107913364,0.0045,-0.0082,-0.1741,-0.3381,0.0717,-0.0500,-0.0932,0.1155,-0.3015,-0.0831,-0.1528,-0.3705,2.8724,2.3255,0.1573,43.2162,-22.9215,-53.6241
107918364,0.0033,-0.0101,-0.2001,-0.3363,0.0823,-0.0500,-0.0912,0.1256,-0.3025,-0.0848,-0.1952,-0.3400,3.4367,0.4050,0.1573,43.2476,-22.9507,-53.6232
107923365,0.0020,-0.0118,-0.2813,-0.3012,-0.0743,-0.0500,-0.0740,0.1387,-0.3039,-0.0863,-0.2812,-0.2966,3.4837,-0.1454,0.1573,43.2594,-22.9627,-53.6226
107928365,0.0006,-0.0128,-0.2911,-0.1381,-0.3462,0.0200,-0.0324,0.1129,-0.3054,-0.0868,-0.3037,-0.1112,3.4837,-1.6429,0.1573,43.2834,-22.9958,-53.6216
107933365,-0.0012,-0.0132,-0.3916,-0.0443,-0.3373,0.0200,0.0500,0.1080,-0.3074,-0.0868,-0.3989,0.0128,3.2020,-2.3479,1.4813,43.2884,-23.0210,-53.5927
107938364,-0.0035,-0.0134,-0.4282,-0.0095,-0.3031,-0.1187,0.0500,0.1110,-0.3096,-0.0866,-0.4398,0.0343,2.1124,-3.2281,2.9249,43.2852,-23.0505,-53.5490
107943364,-0.0060,-0.0136,-0.4704,-0.0391,-0.3266,-0.1372,0.0500,0.1271,-0.3119,-0.0865,-0.4575,0.0119,0.9369,-4.2991,3.4092,43.2666,-23.0945,-53.5286
107948364,-0.0083,-0.0136,-0.4609,-0.0363,-0.2817,-0.1426,0.0500,0.1272,-0.3140,-0.0864,-0.4205,0.0345,0.0000,-4.2991,4.7345,43.2490,-23.1117,-53.4737
107953365,-0.0107,-0.0138,-0.4575,-0.0040,-0.1455,-0.1526,-0.0200,0.1227,-0.3160,-0.0860,-0.4115,0.0769,0.0000,-4.6157,5.3990,43.2490,-23.1455,-53.4434
107958365,-0.0129,-0.0138,-0.4438,0.0611,-0.0646,-0.1568,-0.0200,0.1071,-0.3179,-0.0851,-0.3688,0.1684,-0.8022,-4.6157,7.1657,43.2322,-23.1640,-53.3649
107963365,-0.0151,-0.0133,-0.4136,0.1457,0.0097,-0.1595,0.0768,0.0823,-0.3196,-0.0835,-0.3474,0.3206,-1.6579,-3.6648,8.0483,43.2077,-23.1705,-53.3228
107968364,-0.0172,-0.0124,-0.4078,0.2199,0.1230,-0.1650,0.0977,0.0626,-0.3211,-0.0815,-0.3006,0.4098,-2.8762,-2.9936,9.7179,43.1752,-23.1705,-53.2290
107973364,-0.0195,-0.0110,-0.4166,0.2651,-0.0316,-0.1710,0.1183,0.0539,-0.3225,-0.0792,-0.2681,0.4569,-4.4334,-2.2105,10.6201,43.1222,-23.1705,-53.1777
107978364,-0.0210,-0.0097,-0.2810,0.2831,-0.0716,-0.1402,0.1132,0.0297,-0.3230,-0.0767,-0.0989,0.4911,-5.4566,-1.8190,12.0876,43.0816,-23.1707,-53.0713
107983364,-0.0221,-0.0083,-0.1863,0.2911,-0.0475,-0.1179,0.1082,0.0114,-0.3228,-0.0742,0.0381,0.4995,-7.4392,-1.3715,12.5719,43.0038,-23.1713,-53.0215
107988364,-0.0227,-0.0069,-0.0782,0.3073,-0.0750,-0.0896,0.1022,-0.0500,-0.3218,-0.0717,0.1835,0.5034,-8.5467,0.1055,13.2146,42.9494,-23.1446,-52.9209
107993365,-0.0226,-0.0053,0.0480,0.3619,-0.1220,-0.0618,0.0924,-0.0500,-0.3206,-0.0700,0.2444,0.3419,-10.7605,1.2580,13.5672,42.8471,-23.1160,-52.8702
107998365,-0.0219,-0.0034,0.1405,0.4267,-0.1611,-0.0333,0.0984,-0.0500,-0.3188,-0.0681,0.3642,0.3893,-11.7672,2.4263,13.2497,42.7821,-23.0847,-52.7858
108003364,-0.0210,-0.0011,0.1906,0.4890,-0.2020,-0.0137,0.1092,-0.0500,-0.3165,-0.0659,0.4519,0.4303,-13.2455,3.8567,12.9999,42.6772,-23.0368,-52.7481
108008364,-0.0200,0.0016,0.2190,0.5238,-0.2408,-0.0004,0.1192,0.0200,-0.3140,-0.0637,0.5024,0.4475,-13.9402,5.0443,11.4282,42.6086,-22.9951,-52.6963
108013364,-0.0186,0.0043,0.2935,0.5253,-0.2472,0.0500,0.1142,0.0200,-0.3110,-0.0616,0.6033,0.4214,-14.5451,6.9163,10.3206,42.5105,-22.9225,-52.6835
108018364,-0.0170,0.0070,0.3372,0.5107,-0.2439,0.0500,0.1256,-0.1469,-0.3086,-0.0590,0.4789,0.5220,-14.7331,7.8691,8.5141,42.4479,-22.8746,-52.6540
108023364,-0.0150,0.0091,0.3763,0.3861,-0.2142,0.0500,0.0937,-0.1337,-0.3060,-0.0572,0.5224,0.3565,-14.2974,9.4773,7.3912,42.3687,-22.7910,-52.6508
108028364,-0.0130,0.0106,0.3800,0.2844,-0.1418,0.0500,0.0697,-0.1204,-0.3034,-0.0560,0.5234,0.2266,-13.4896,10.2487,6.2900,42.3285,-22.7363,-52.6247
108033364,-0.0110,0.0118,0.3784,0.1964,-0.0649,-0.0200,0.0475,-0.1082,-0.3007,-0.0555,0.5292,0.1089,-12.0810,11.6610,5.7131,42.2779,-22.6420,-52.6071
108038365,-0.0092,0.0124,0.3714,0.0956,-0.0203,-0.0200,0.0231,-0.0912,-0.2981,-0.0555,0.5297,-0.0049,-11.3668,12.5212,5.7131,42.2452,-22.5760,-52.5842
108043365,-0.0074,0.0126,0.3668,0.0125,-0.0023,0.0868,-0.0500,-0.0808,-0.2947,-0.0561,0.6804,-0.1233,-9.1098,13.6330,4.4995,42.2288,-22.4749,-52.5771
108048365,-0.0052,0.0127,0.3925,0.0214,0.0265,0.0907,-0.0500,-0.0983,-0.2919,-0.0558,0.5638,0.0760,-8.1371,14.2110,3.6720,42.2140,-22.4075,-52.5773
108053364,-0.0031,0.0124,0.3894,0.0009,0.0011,0.0950,-0.0500,-0.0937,-0.2893,-0.0556,0.5160,0.0416,-5.9978,14.5234,2.7342,42.2145,-22.3148,-52.5769
108058364,-0.0012,0.0122,0.3735,-0.0742,0.0002,0.0971,-0.0500,-0.0771,-0.2869,-0.0558,0.4774,-0.0409,-4.9282,14.5785,2.2377,42.2141,-22.2555,-52.5769
108063364,0.0006,0.0117,0.3305,-0.1350,0.0332,0.0904,0.0200,-0.0582,-0.2849,-0.0563,0.4031,-0.1176,-3.6446,13.4413,1.1644,42.2142,-22.1937,-52.5871
108068365,0.0023,0.0100,0.3213,-0.3540,-0.0707,0.0943,0.0200,-0.0031,-0.2831,-0.0582,0.3683,-0.3618,-3.0028,12.3786,-0.5244,42.2138,-22.1624,-52.6192
108073364,0.0036,0.0083,0.2517,-0.3803,-0.0847,0.0868,-0.1076,0.0500,-0.2813,-0.0609,0.3573,-0.5575,-0.9551,11.0870,-0.7866,42.2422,-22.1172,-52.6291
108078365,0.0048,0.0061,0.2224,-0.3934,-0.0808,0.0829,-0.1139,0.0500,-0.2797,-0.0636,0.3085,-0.5362,-0.2031,9.5571,-0.7866,42.2550,-22.1067,-52.6323
108083365,0.0060,0.0041,0.2083,-0.3561,-0.0750,0.0809,-0.1103,0.0500,-0.2785,-0.0660,0.2522,-0.4758,1.4649,7.9993,-1.9583,42.2934,-22.0835,-52.6650
108088365,0.0069,0.0022,0.1631,-0.3262,-0.0554,0.0704,-0.1049,0.0500,-0.2776,-0.0682,0.1764,-0.4365,2.9190,7.3664,-1.9583,42.3307,-22.0662,-52.6729
108093365,0.0076,0.0004,0.0965,-0.3494,-0.0575,0.0540,-0.1068,-0.0200,-0.2772,-0.0704,0.0768,-0.4442,4.3099,6.3212,-1.9583,42.3807,-22.0445,-52.6846
108098365,0.0080,-0.0014,0.0397,-0.3598,-0.0166,0.0388,-0.1074,-0.0200,-0.2772,-0.0726,-0.0073,-0.4373,5.3066,5.1659,-1.9583,42.4201,-22.0447,-52.6924
108103364,0.0082,-0.0033,-0.0055,-0.3439,0.1382,0.0237,-0.1049,0.0760,-0.2776,-0.0746,-0.0832,-0.4046,6.2693,3.7906,-0.2495,42.4737,-22.0454,-52.6664
108108364,0.0080,-0.0052,-0.0516,-0.3183,0.2363,0.0093,-0.0994,0.0810,-0.2784,-0.0764,-0.1418,-0.3640,6.8336,3.1305,0.0976,42.5114,-22.0447,-52.6593
108113364,0.0075,-0.0067,-0.1032,-0.2663,0.0362,-0.0500,-0.0803,0.0842,-0.2795,-0.0778,-0.2211,-0.2791,7.3406,0.9272,0.0976,42.5646,-22.0761,-52.6588
108118364,0.0067,-0.0078,-0.1939,-0.1610,-0.0872,-0.0500,-0.0496,0.0727,-0.2804,-0.0786,-0.1812,-0.1475,7.6638,0.2943,1.1988,42.6010,-22.0870,-52.6350
108123365,0.0055,-0.0086,-0.2642,-0.1112,-0.1446,-0.0500,-0.0273,0.0750,-0.2817,-0.0789,-0.2598,-0.0690,7.5709,-1.1607,1.6708,42.6449,-22.1162,-52.6158
108128364,0.0041,-0.0091,-0.3173,-0.0608,-0.1333,-0.0500,-0.0083,0.0748,-0.2832,-0.0790,-0.3133,-0.0113,6.9618,-1.4244,1.8914,42.6626,-22.1271,-52.6047
108133365,0.0023,-0.0094,-0.3674,-0.0092,-0.1003,0.0200,0.0500,0.0724,-0.2850,-0.0787,-0.3519,0.0603,5.1898,-1.4244,3.2369,42.6634,-22.1356,-52.5612
108138364,0.0002,-0.0095,-0.3876,0.0140,-0.1308,0.0200,0.0500,0.0746,-0.2868,-0.0783,-0.3524,0.0753,4.2484,-2.8228,4.1087,42.6634,-22.1716,-52.5283
108143365,-0.0020,-0.0095,-0.4035,-0.0018,-0.1718,-0.1078,0.0500,0.0856,-0.2888,-0.0779,-0.4136,0.0752,3.1409,-2.8228,5.1602,42.6632,-22.1885,-52.4782
108148364,-0.0041,-0.0095,-0.4029,-0.0089,-0.1107,-0.1157,0.0500,0.0889,-0.2908,-0.0775,-0.3968,0.0799,2.5872,-2.8228,5.9355,42.6635,-22.1998,-52.4397
108153364,-0.0060,-0.0094,-0.3543,0.0342,0.0225,-0.1111,-0.0200,0.0731,-0.2924,-0.0768,-0.3241,0.1434,1.8673,-2.5804,7.2971,42.6624,-22.2116,-52.3729
108158364,-0.0076,-0.0092,-0.2831,0.0761,0.1135,-0.1000,-0.0200,0.0557,-0.2937,-0.0758,-0.2449,0.1894,1.5350,-2.0956,7.5729,42.6626,-22.2113,-52.3381
108163365,-0.0087,-0.0085,-0.1985,0.1768,0.2442,-0.0837,0.0545,0.0199,-0.2944,-0.0744,-0.1442,0.2998,1.1474,0.2237,8.4367,42.6629,-22.1703,-52.2724
108168364,-0.0098,-0.0076,-0.1964,0.1973,0.2036,-0.0866,0.0646,0.0142,-0.2950,-0.0727,-0.1342,0.3274,0.9259,0.2237,8.9070,42.6627,-22.1694,-52.2278
108173364,-0.0105,-0.0064,-0.1420,0.2190,0.0506,-0.0708,0.0694,-0.0005,-0.2953,-0.0709,-0.0446,0.3600,-0.6964,0.2765,9.6918,42.6320,-22.1670,-52.1563
108178364,-0.0113,-0.0053,-0.1362,0.2275,-0.0490,-0.0698,0.0750,-0.0500,-0.2953,-0.0692,-0.0164,0.3474,-1.0213,1.9647,9.9540,42.6216,-22.1289,-52.1119
108183364,-0.0118,-0.0041,-0.0709,0.2306,-0.0972,-0.0600,0.0651,-0.0500,-0.2954,-0.0682,-0.0178,0.1916,-1.7753,2.6180,9.7885,42.5998,-22.1024,-52.0559
108188364,-0.0118,-0.0029,0.0318,0.2437,-0.0881,-0.0334,0.0581,-0.0500,-0.2950,-0.0672,0.0973,0.1961,-2.2061,3.2021,9.4010,42.5826,-22.0784,-52.0250
108193364,-0.0113,-0.0015,0.1295,0.2621,-0.0258,-0.0067,0.0513,-0.0500,-0.2939,-0.0662,0.2045,0.1980,-2.2061,4.3024,8.0422,42.5694,-22.0331,-51.9979
108198366,-0.0103,-0.0001,0.1839,0.2575,-0.0496,0.0500,0.0446,0.0200,-0.2925,-0.0654,0.2858,0.1788,-3.2767,5.2835,7.6242,42.5373,-21.9943,-51.9756
108203365,-0.0091,0.0013,0.2117,0.2526,-0.1702,0.0500,0.0448,0.0200,-0.2912,-0.0646,0.2658,0.1592,-3.2767,6.2829,6.5719,42.5176,-21.9397,-51.9525
108208364,-0.0079,0.0024,0.2303,0.1930,-0.1217,0.0500,0.0332,-0.0644,-0.2895,-0.0637,0.3355,0.1714,-3.2767,6.8422,5.3536,42.5045,-21.9015,-51.9530
108213365,-0.0066,0.0031,0.2718,0.1243,-0.0585,0.0500,0.0098,-0.0581,-0.2876,-0.0634,0.3744,0.0659,-2.6184,7.9175,3.9691,42.4995,-21.8356,-51.9529
108218366,-0.0052,0.0033,0.2615,0.0070,0.0115,-0.0200,-0.0500,-0.0344,-0.2858,-0.0637,0.3611,-0.0680,-2.1482,8.3026,3.2491,42.4994,-21.7961,-51.9529
108223365,-0.0039,0.0030,0.2239,-0.0822,0.0717,-0.0200,-0.0500,-0.0168,-0.2846,-0.0639,0.2447,-0.0460,-1.5839,8.6158,2.4184,42.4995,-21.7394,-51.9526
108228365,-0.0027,0.0023,0.2129,-0.1448,0.0894,0.0434,-0.0500,-0.0020,-0.2834,-0.0645,0.2373,-0.1153,-0.4287,8.5673,1.9754,42.5178,-21.7059,-51.9528
108233365,-0.0018,0.0012,0.1833,-0.1778,0.0478,0.0385,-0.0500,0.0500,-0.2825,-0.0653,0.1853,-0.1557,0.6198,7.9520,1.4770,42.5416,-21.6676,-51.9525
108238366,-0.0008,-0.0001,0.1408,-0.2566,-0.0832,0.0323,0.0200,0.0500,-0.2818,-0.0666,0.1301,-0.2566,0.6198,7.9520,1.2001,42.5441,-21.6358,-51.9528
108243364,-0.0001,-0.0015,0.1051,-0.2941,-0.1586,0.0271,0.0200,0.0500,-0.2814,-0.0680,0.0944,-0.2941,0.6198,6.3693,0.8678,42.5478,-21.6231,-51.9532
108248365,0.0003,-0.0031,0.0498,-0.3210,-0.1672,0.0166,-0.0911,0.0500,-0.2811,-0.0700,0.0579,-0.3987,2.1277,5.2087,0.7017,42.5830,-21.6231,-51.9533
108253365,0.0005,-0.0051,-0.0116,-0.3668,-0.2857,0.0029,-0.0984,-0.0200,-0.2811,-0.0723,-0.0101,-0.4414,2.3970,4.9976,0.5355,42.6027,-21.5972,-51.9529
108258364,0.0002,-0.0068,-0.0907,-0.3067,-0.2387,-0.0500,-0.0803,-0.0200,-0.2816,-0.0741,-0.1063,-0.3739,3.1398,4.5108,0.5909,42.6287,-21.5875,-51.9495
108263365,-0.0003,-0.0082,-0.0874,-0.2254,-0.0789,-0.0500,-0.0690,0.0916,-0.2819,-0.0755,-0.0537,-0.2664,3.1398,3.3425,0.5909,42.6476,-21.5874,-51.9459
108268364,-0.0008,-0.0092,-0.1258,-0.1512,0.0432,-0.0500,-0.0502,0.0809,-0.2823,-0.0763,-0.0859,-0.1624,3.4166,2.7097,1.9580,42.6659,-21.5879,-51.9139
108273365,-0.0014,-0.0099,-0.1695,-0.1158,0.0173,-0.0500,-0.0368,0.0820,-0.2830,-0.0768,-0.1342,-0.1146,3.4166,2.0281,2.1044,42.6864,-21.5873,-51.8984
108278364,-0.0023,-0.0104,-0.2184,-0.1151,-0.0163,0.0200,-0.0290,0.0908,-0.2839,-0.0773,-0.1815,-0.0932,3.4166,1.4236,2.8910,42.7001,-21.5921,-51.8732
108283364,-0.0036,-0.0109,-0.2184,-0.0974,-0.0279,0.0200,-0.0221,0.0902,-0.2849,-0.0776,-0.1955,-0.0511,3.0423,-0.2110,2.8910,42.7127,-21.6228,-51.8558
108288365,-0.0050,-0.0115,-0.2767,-0.0669,-0.1446,-0.0886,-0.0036,0.0978,-0.2864,-0.0776,-0.2896,-0.0073,2.5074,-0.2110,3.7736,42.7132,-21.6237,-51.8258
108293364,-0.0063,-0.0120,-0.2834,-0.0348,-0.2680,-0.0900,0.0500,0.0944,-0.2876,-0.0774,-0.2423,0.0385,-0.1661,-0.2110,4.6939,42.6672,-21.6249,-51.7833
108298366,-0.0075,-0.0118,-0.2807,0.0678,-0.0814,-0.0957,0.0500,0.0702,-0.2887,-0.0767,-0.2272,0.1497,-0.3876,-0.2110,5.4778,42.6613,-21.6258,-51.7480
108303365,-0.0089,-0.0112,-0.2636,0.1646,-0.0395,-0.0969,0.0500,0.0461,-0.2897,-0.0754,-0.2030,0.2590,-0.3876,-0.2110,6.3085,42.6590,-21.6271,-51.6971
108308365,-0.0104,-0.0103,-0.2621,0.1842,-0.0398,-0.1019,0.0500,0.0405,-0.2907,-0.0739,-0.1952,0.2896,-0.3876,-0.2110,7.0408,42.6574,-21.6279,-51.6561
108313364,-0.0118,-0.0094,-0.2392,0.2025,0.0100,-0.1018,-0.0200,0.0315,-0.2915,-0.0723,-0.1664,0.3182,-0.3876,-0.2110,7.7225,42.6551,-21.6292,-51.5973
108318365,-0.0127,-0.0084,-0.2135,0.2385,0.0261,-0.0975,-0.0200,0.0173,-0.2921,-0.0705,-0.1143,0.3624,-1.6411,-0.2110,8.2742,42.6264,-21.6300,-51.5536
108323365,-0.0136,-0.0072,-0.1393,0.2633,-0.0157,-0.0801,0.0814,-0.0007,-0.2922,-0.0685,-0.0185,0.3945,-2.4415,0.2110,8.9714,42.5997,-21.6207,-51.4873
108328365,-0.0141,-0.0058,-0.0614,0.2792,-0.0640,-0.0612,0.0811,-0.0500,-0.2918,-0.0665,0.0674,0.4112,-2.8723,0.2110,9.0268,42.5798,-21.6199,-51.4503
108333364,-0.0139,-0.0044,0.0593,0.2886,-0.1318,-0.0329,0.0650,-0.0500,-0.2911,-0.0652,0.1435,0.2635,-4.0555,1.6714,8.6362,42.5369,-21.5847,-51.4044
108338365,-0.0131,-0.0029,0.1921,0.2844,-0.1892,0.0500,0.0514,-0.0500,-0.2897,-0.0639,0.2788,0.2592,-4.1966,1.6714,8.3740,42.5178,-21.5780,-51.3751
108343365,-0.0117,-0.0013,0.2639,0.2880,-0.2026,0.0500,0.0472,-0.0500,-0.2883,-0.0626,0.2887,0.2453,-4.8078,2.8817,7.6923,42.4773,-21.5409,-51.3420
108348364,-0.0101,0.0002,0.2847,0.3210,-0.2958,0.0500,0.0550,0.0200,-0.2867,-0.0612,0.3095,0.2782,-5.0753,2.8817,6.9200,42.4520,-21.5293,-51.3274
108353365,-0.0085,0.0019,0.2746,0.3311,-0.3211,0.0500,0.0599,0.0200,-0.2852,-0.0599,0.3083,0.2729,-5.0753,3.9145,5.1547,42.4216,-21.4872,-51.3266
108358365,-0.0071,0.0033,0.2743,0.2691,-0.2347,-0.0200,0.0497,-0.0901,-0.2835,-0.0586,0.3499,0.2646,-4.4661,4.5447,4.2169,42.4142,-21.4579,-51.3267
108363365,-0.0057,0.0043,0.2624,0.1704,-0.1385,-0.0200,0.0276,-0.0727,-0.2818,-0.0579,0.3338,0.1402,-3.3033,5.1600,3.1136,42.4142,-21.4175,-51.3269
108368364,-0.0044,0.0047,0.2401,0.0400,-0.0435,0.0521,-0.0500,-0.0475,-0.2800,-0.0579,0.3531,0.0014,-2.6941,5.1600,2.5619,42.4143,-21.3968,-51.3267
108373365,-0.0033,0.0044,0.1833,-0.0528,0.0103,0.0368,-0.0500,-0.0244,-0.2788,-0.0580,0.2346,-0.0245,-2.0296,5.7403,1.8999,42.4136,-21.3520,-51.3267
108378364,-0.0023,0.0040,0.1472,-0.0773,-0.0123,0.0311,-0.0500,-0.0138,-0.2779,-0.0582,0.1885,-0.0547,-1.6420,5.9350,1.5138,42.4140,-21.3247,-51.3275
108383364,-0.0017,0.0031,0.0925,-0.1234,-0.0578,0.0194,-0.0500,0.0500,-0.2773,-0.0588,0.1229,-0.1066,-1.1990,5.7150,1.1276,42.4144,-21.2936,-51.3273
108388365,-0.0013,0.0024,0.0782,-0.1616,-0.0597,0.0164,0.0200,0.0500,-0.2768,-0.0596,0.0950,-0.1616,-0.9775,5.7150,0.9070,42.4144,-21.2707,-51.3275
108393364,-0.0010,0.0011,0.0388,-0.2923,-0.2060,0.0094,0.0200,0.0500,-0.2766,-0.0611,0.0518,-0.2923,-0.7560,5.0953,0.6863,42.4136,-21.2495,-51.3271
108398365,-0.0012,-0.0006,-0.0724,-0.3366,-0.2878,-0.0500,-0.0660,0.0500,-0.2767,-0.0630,-0.0264,-0.3987,-0.5899,4.1659,0.5760,42.4143,-21.2496,-51.3268
108403364,-0.0016,-0.0024,-0.1396,-0.3430,-0.2741,-0.0500,-0.0627,-0.0200,-0.2773,-0.0650,-0.1131,-0.3889,0.8022,3.0815,0.4105,42.4409,-21.2496,-51.3272
108408364,-0.0025,-0.0041,-0.1683,-0.2969,-0.1687,-0.0500,-0.0540,-0.0200,-0.2780,-0.0667,-0.1467,-0.3343,1.8184,2.5135,0.4105,42.4672,-21.2497,-51.3256
108413365,-0.0033,-0.0054,-0.1604,-0.1991,-0.0924,-0.0500,-0.0362,0.0906,-0.2787,-0.0678,-0.1406,-0.2212,1.8184,1.8938,0.4105,42.4781,-21.2490,-51.3232
108418365,-0.0041,-0.0062,-0.1429,-0.1271,-0.1513,0.0200,-0.0231,0.0778,-0.2793,-0.0685,-0.1263,-0.1437,0.7487,1.5324,0.4105,42.4627,-21.2494,-51.3215
108423364,-0.0046,-0.0068,-0.1515,-0.0980,-0.2051,0.0200,-0.0137,0.0737,-0.2800,-0.0689,-0.1289,-0.0788,0.5883,0.6724,1.9603,42.4635,-21.2589,-51.2819
108428366,-0.0054,-0.0073,-0.1912,-0.1035,-0.1232,-0.0681,-0.0083,0.0811,-0.2809,-0.0692,-0.1921,-0.0579,0.4813,-1.1003,1.9603,42.4634,-21.2949,-51.2741
108433365,-0.0062,-0.0078,-0.2077,-0.1097,-0.0221,-0.0760,-0.0086,0.0855,-0.2819,-0.0694,-0.1977,-0.0530,0.2082,-1.1003,2.6920,42.4604,-21.3015,-51.2465
